8848
5731
422
6483
7805
3162
8803
4450
9731
6732
6576
2492
6411
3189
4567
3878
1363
9428
7681
8131
6342
4529
8969
687
7853
5926
2490
8507
4457
6543
6332
6191
173
5817
8045
5785
9712
1742
6594
6146
2486
1710
3943
4028
7297
9993
2471
9163
3180
5470
5919
9269
8619
5814
815
3205
8080
8682
7931
4026
7010
4145
8519
5688
7
4166
3325
5453
4584
1077
7092
8152
8618
6123
4510
3146
2273
9040
6729
6767
3803
2234
6982
5412
798
8819
3528
984
6641
7812
8993
1900
7129
2430
6052
679
4881
5509
165
8464
2155
5410
2779
91
7594
7478
2915
1283
3305
9602
3424
8340
7709
9574
9296
6226
1134
7551
693
5601
3101
5317
372
2686
3994
3202
9348
6368
6081
8259
2850
4073
7218
7224
431
433
181
9029
5830
7057
1948
559
4218
2832
3639
2699
8123
5023
9068
2604
4664
9703
1276
4884
9838
6891
8755
780
9431
2362
7628
3041
9973
8282
6143
8395
7238
4668
7971
5216
1602
1041
6662
7494
6856
2377
1396
1024
2568
8778
3349
4219
9615
1500
9257
9241
4513
8135
9035
7706
8910
7109
4528
4775
6878
3700
2541
8279
6463
4956
9324
5066
7857
4328
47
7236
9132
5855
5329
6713
7334
6965
9264
9912
6194
1285
8488
2717
8054
6357
5389
7013
3512
7423
5651
3756
3538
8781
4078
5502
4725
16
5021
71
911
9491
1581
8759
7342
9837
720
1523
9595
5789
9698
7512
1409
4399
9830
3315
3771
3646
9560
9705
9693
9926
4837
9667
497
5368
9182
3426
3506
20
7245
1530
1178
4445
8743
5214
5061
3396
7007
4599
1888
1521
1933
2569
7406
1950
749
4987
1265
363
5154
5472
3929
2272
3127
3600
3515
9221
6141
9668
8281
3695
1484
9189
9333
314
4186
4812
6046
2095
7155
8249
2783
2791
5631
8004
456
368
337
7876
6389
9262
5201
1762
1749
5042
7945
420
7950
4609
995
7543
9876
2827
8834
2615
6274
7916
6746
6512
5748
3674
9606
1766
5135
339
3761
725
1289
4826
1181
5485
3856
7948
4958
6654
2265
8176
5431
831
3937
4605
6504
6804
3641
2401
4841
2876
7818
6231
1472
1059
8698
7454
6643
5991
4925
9991
2614
6637
4267
246
151
5350
8429
1552
7690
9235
2512
8810
6406
4383
7097
8757
9220
5883
4060
9729
1695
5477
2020
4532
5140
5548
9183
1215
76
1448
7597
5985
3914
5728
8221
3276
7638
3575
1218
745
5253
8049
8121
6348
6990
710
8974
922
9978
8183
1553
8643
4428
6341
3889
3650
7198
8924
5885
9082
2074
1663
7353
7614
9217
6299
367
2778
6561
5546
6195
1346
6494
5756
6629
6276
9632
2407
8631
5429
8768
8265
1588
5070
8591
5211
2809
4329
5235
9947
4095
1287
2307
4729
9399
2109
6193
9138
8695
5404
6462
8253
5704
1132
1625
1520
7591
3568
4990
8712
1536
8989
3431
7331
9869
5385
9775
5938
1716
9420
1180
8772
7654
6992
2483
9003
3888
5100
6087
6314
4189
8422
8641
5120
7908
8809
3757
2071
5691
3081
5319
9751
2116
61
6634
2829
3010
5000
3223
8325
4292
640
681
1694
2610
5581
9267
8270
8824
9771
2773
9337
5864
7001
2355
8026
5656
1984
3050
781
1775
1982
1163
4959
7173
2896
7813
2596
4217
4180
9077
5188
4433
6370
3388
2845
6497
4479
5615
3239
7988
7302
7595
3896
1734
7596
6010
9809
9219
612
4239
8517
4302
5982
7803
6430
7749
6012
4013
8914
2305
9095
2299
4844
5426
1471
4553
5088
4892
9944
3692
3
8122
8453
9686
8799
8767
6699
4827
1003
8686
7150
5895
2043
7996
5820
7742
2887
8594
9768
2371
6367
9566
709
6972
8412
2379
6037
3184
5221
5049
313
1321
9482
3523
1464
4685
5314
9643
6566
1157
8209
6300
2872
8671
3801
8038
6768
9989
9510
6901
5805
7877
5212
2538
8240
2708
8673
5629
821
6140
8987
9092
6813
2741
2519
4097
5588
1304
4675
9391
6056
4477
4522
8161
1037
137
4979
9405
7529
8647
5597
132
5902
7449
8598
8961
9078
1266
5508
7844
8869
7345
1080
1474
1939
6977
7546
8934
7788
7147
8175
2563
7962
9934
7556
9256
19
8083
7758
4224
4233
9260
6940
9008
4715
968
7187
3588
240
7126
7939
2755
499
4731
962
166
69
9370
9871
2
40
1795
3590
4918
9858
4608
3534
5511
5706
8941
9568
4824
5708
5168
365
5136
2097
2868
3720
1880
2548
6305
4856
7901
3991
5127
6911
6215
4546
8354
8636
6401
4252
9672
6208
2237
7526
1914
4118
2374
8456
8358
3860
8667
7532
6827
5323
1007
9310
3422
7841
9757
7145
319
8813
7043
3807
3460
3358
7744
1098
2453
9676
8473
5007
5726
4576
9679
1791
8478
6565
4227
7757
8110
1100
3390
7050
9352
9655
8353
8543
1301
4107
4984
2411
2885
905
7171
204
4167
8172
44
8437
887
6334
161
7493
5514
2617
5950
6657
657
840
6383
9113
4495
6705
1930
8570
2518
3204
4455
541
9629
9755
9499
7113
7058
5233
6188
1221
2361
7432
8039
8962
489
1525
6592
5576
6554
2790
7311
7868
7257
7535
5754
4264
2277
4575
4117
9892
1440
6247
3006
3392
5568
9349
557
889
8472
6831
1223
3619
1222
334
2231
2166
5434
6748
3530
2578
891
3063
6327
356
2661
7106
4842
9378
6885
3469
1343
8693
8617
7941
8167
5591
7424
243
4448
6250
3173
9312
8066
6980
8014
8435
3389
1055
7839
4935
5752
6121
9644
6665
8299
824
1593
8894
4642
2103
5285
7666
519
4137
5893
168
4154
2048
9020
9813
4961
9786
2527
6867
1125
343
6871
8339
270
6281
57
9639
6202
1252
1709
5979
8740
6707
6890
2586
9966
6690
5044
7860
1258
3577
9277
4282
4225
9801
9688
1587
9292
6206
2924
885
1967
2744
2435
8368
4792
5407
6698
324
9943
9318
4753
8670
6580
9072
6923
3689
1718
9660
7944
8506
3302
9380
4982
5718
4604
2156
7209
5552
663
6375
9341
9754
918
6519
3129
8061
697
9980
7798
1874
6361
2350
8419
7066
8302
7268
9060
2869
6218
297
4759
3140
3675
5994
7938
8203
6735
6090
7891
6709
9967
473
7364
1247
379
8866
3332
7987
454
8326
5968
6696
5852
9406
4367
3210
1632
7691
3917
2516
2761
7667
6265
145
909
9117
7375
2805
5630
1644
2824
1894
707
665
9130
4177
880
1615
8954
2754
4740
2546
6685
1902
3174
7303
1481
6866
1992
2286
344
404
740
4867
3691
6077
6115
6811
7847
7528
22
5115
4341
2502
9346
1586
5074
870
1940
6862
3713
3387
1274
8880
792
4852
9985
265
9192
2255
3111
444
4411
7807
7887
2584
568
1645
9804
2786
7783
6847
9457
582
9800
7850
9172
5256
6700
1205
3440
9874
969
6117
5744
5219
6989
9227
5299
2384
7383
9995
6290
9300
1013
1822
4865
4047
2577
9470
7802
7091
5564
9896
7527
2564
7148
8522
5473
1110
4342
3642
7339
4896
8798
1764
8100
8192
3524
5270
1399
2470
3887
8451
3508
690
3251
5791
666
1973
3970
4942
4000
9066
6064
5059
9654
5934
9486
3892
1692
581
7547
2843
2917
4807
3433
692
796
3603
7617
6214
9513
3338
3394
4644
8857
8298
5248
3543
9592
1270
2465
660
6530
9905
3113
4253
5957
3411
4535
6936
2644
5657
4577
9829
9050
9242
3353
8329
9742
2248
2329
7620
1137
9479
3609
6552
3858
9390
8484
2988
6888
9697
9197
8433
2836
5237
4474
3186
5229
9255
6782
6933
3049
3877
548
7928
5545
5669
4940
729
8201
8590
2343
6028
2322
9737
9153
6459
1801
8236
9435
8902
2794
4533
8293
4298
5964
9952
3560
6621
8380
9376
8593
7964
8204
9238
842
5703
2034
3376
5186
6223
6607
6952
7348
2992
6295
3711
7981
946
6173
9340
5944
21
2117
498
1722
1630
2210
2589
5203
311
1452
8990
6151
6646
8106
8663
6725
9558
6093
8102
9067
3283
8933
9179
7787
5097
7229
8055
4583
8672
2857
2214
389
8508
3278
8057
3291
5713
4066
8165
5308
2137
1210
9785
5030
7088
3662
258
915
6330
4890
6929
9567
5067
7240
6441
4351
1048
6407
3160
7336
3677
7254
5755
7890
7607
9258
8832
3258
169
4361
3218
2734
2125
965
9074
2151
907
9762
4331
9090
8563
2199
1875
1001
4301
7241
8928
1318
8390
7005
1067
9814
9791
6006
2636
293
2588
2574
1142
7169
9368
236
6323
7637
9239
9764
4859
9400
7391
8442
4446
5732
4004
9143
1439
2771
7520
1659
3934
5741
9970
4165
7698
1162
2834
6096
646
2523
4621
3451
7306
6310
9969
326
8582
7294
3017
4316
2450
8234
6988
588
9314
7080
538
653
388
8920
1798
5810
3494
1185
1962
7060
6944
8345
1618
7575
37
3488
8699
4212
8904
9011
381
6352
4789
5541
5531
7697
1229
8093
4880
268
6089
7679
2262
9469
5542
6110
3729
8737
9043
7759
949
8549
4693
9556
150
8246
4419
9657
5916
9044
2701
9608
1956
7582
7994
6623
4404
2346
7725
4385
4711
6172
3541
9481
3763
3468
2119
6593
2121
5802
5729
5029
83
7437
6935
861
9696
3854
5196
5539
4406
3779
9408
7513
1906
6906
5325
1021
6874
7659
3125
3572
6505
8687
1815
8892
7139
9998
9706
5275
8277
7387
6256
6591
9334
890
1453
973
3975
2652
7040
221
6285
7509
4187
336
7299
2651
6808
8967
9773
8533
7484
3731
146
2015
5249
8455
5658
6378
4695
8793
1964
6015
5609
1638
9287
7910
9802
5085
5345
5300
9047
8385
7030
8612
2913
4198
563
6476
7366
110
1151
7233
1251
4006
4678
8388
5121
3694
3287
9039
5980
2561
3899
607
2802
3179
6766
2837
9396
7490
5600
7477
9627
7555
1273
9961
8149
5433
5815
6254
7459
118
8766
6503
9031
1267
7105
8710
3874
1975
671
9
1667
8659
5845
8929
1031
3939
3620
358
6743
217
7277
5004
5417
3093
4636
4514
9266
3798
7034
8410
3647
578
5192
2349
9827
6839
8494
7450
2612
902
695
8702
4326
4886
9159
2203
7558
670
1736
6520
8185
9458
5334
2647
1449
2863
1759
6078
7172
7571
4950
8765
4431
3580
7104
661
7176
514
7461
2294
1493
2052
1087
937
3796
6034
1340
3628
6880
3980
4656
9663
525
3873
6624
261
5533
3192
5519
6883
4163
6331
8327
2762
9483
8383
3671
6490
6649
4093
5498
5084
9783
5033
7993
7849
4241
5071
9640
9766
3285
8239
3728
9776
2816
737
2288
8377
3531
8311
4839
9730
5288
993
7074
1333
3290
6455
452
5730
7838
4266
5190
1985
2572
9511
1502
6319
9450
5488
6225
6857
2193
6953
1562
7405
843
872
4090
2635
8481
5943
924
8125
558
6249
9152
2758
4320
5884
9367
1726
5914
9850
7321
4402
7170
4339
735
9252
3703
3885
3812
4375
5727
30
2820
5392
3570
7525
5324
9651
8378
127
3931
7630
2357
5999
2671
4344
6255
7457
2551
7419
8554
9638
2098
7489
5929
6313
1541
5834
8547
4965
5762
9821
7583
4527
929
9877
3021
1130
3842
9551
8490
6309
6817
2495
8020
5534
4276
5958
552
7918
9216
7646
479
4488
8199
5861
4754
8763
2961
9223
7185
1683
8094
1202
3458
5360
1642
5932
8706
4619
6807
1233
4201
3614
7400
9918
9999
3362
6810
3417
8011
9018
8511
8787
2536
4439
3225
5515
5181
4680
4373
4543
5293
9025
1887
677
6415
5903
7905
5837
1300
6481
8241
2158
899
6167
1209
5952
4108
9616
4966
860
3715
7602
8126
6137
2340
9620
9533
9362
5213
3234
7644
2702
2356
5557
9467
5307
7589
3996
5254
3361
3045
234
3236
4155
6286
774
285
1977
9911
3243
8430
5854
7507
5662
5289
4153
1652
5769
5415
2728
4139
5436
3509
4365
9198
292
1182
4220
7912
3926
4555
7112
1830
7873
4883
3020
9942
2019
4589
2975
6928
2454
6821
9895
3351
9363
6019
3057
1386
9702
5373
3438
6932
5974
8622
1459
5739
939
6546
9500
4912
5955
2064
269
6007
3990
913
528
9794
380
1863
9509
6425
346
1932
6522
8691
5962
9537
5309
3366
4875
6718
7605
9932
9769
6002
501
3529
9963
4492
8856
65
2591
1838
6803
8371
4556
6035
877
5195
3105
7549
488
6095
5538
9098
7253
9517
3195
6647
9903
6557
172
1084
8513
6130
9369
6759
527
4831
6825
5146
7076
3132
4833
9641
8865
7965
1988
6604
4497
9687
4565
6619
5057
2172
4694
2666
35
1050
3051
5569
4299
6183
7231
4288
3533
8754
4843
3957
349
6744
6639
6405
9052
6258
5516
3956
6892
7222
2085
3070
72
1331
7743
9520
4771
4809
5575
1208
410
3828
859
8675
6066
5838
622
6733
3750
39
1122
7008
8171
6417
7915
8800
4072
5816
4380
3618
2838
8745
8624
3307
9534
1462
4436
7269
2385
8164
5374
3532
7204
875
9605
9888
6364
443
1490
6975
5383
4038
2334
5005
8090
9873
5145
1577
7090
3118
1052
3193
5207
2403
6495
7495
8718
1983
4670
3582
746
5041
8155
5702
5092
3645
1944
6627
5667
1230
2029
9494
4392
4480
260
2815
9475
1954
1885
2720
1358
9394
7756
9070
6079
7608
413
182
1434
9763
2525
2082
1844
9445
2409
1225
2189
9279
4997
9447
5204
9210
6178
2267
5335
795
2681
5758
2326
1277
3818
3212
9924
9745
6986
7518
8744
6099
1376
9423
1391
4273
6818
7095
9808
108
9760
219
9124
2478
4222
457
9263
9061
2257
2648
2509
6296
4745
3834
2766
237
5561
2145
7372
8916
7852
6432
62
9781
15
3072
7324
8148
7479
9330
3847
7140
6719
7990
9798
3869
1713
8872
5696
4230
370
9305
5863
4561
8445
4206
5208
3165
2823
3151
3656
1903
1637
893
2830
3340
1074
5787
5858
5416
4707
1342
9647
8879
7481
2929
2931
4701
758
8334
5937
9169
5892
1727
8827
1929
6964
3080
409
6244
6487
9710
402
6009
5069
1170
9950
5123
2873
1566
2222
9732
9026
9171
1825
1513
8600
2404
4871
5081
3416
5442
3920
4714
3086
2742
4024
4293
6848
1628
7856
9972
4937
156
4704
5720
1584
2905
4223
4321
2050
8170
1018
1402
1601
1479
5555
427
4943
4262
1813
371
4304
4894
8258
5463
2309
92
1390
2594
60
8804
3071
2537
305
3706
4587
2784
5505
4003
2646
6343
194
7244
1337
2066
1487
5015
2086
1326
9846
6736
9186
2134
1576
2420
4838
7398
6904
417
8266
576
8186
2030
7251
5835
2482
3762
9501
9409
964
6925
5265
6303
7350
7036
2244
3971
8337
7553
5024
5038
9793
6734
3149
2903
6893
4808
496
6796
9041
8840
9355
3765
2044
985
7216
4007
7335
2986
1834
8739
2405
6156
8
2780
8747
4371
2639
4755
3005
1626
2927
6687
320
6954
3301
8829
1407
3062
8949
7255
2729
9832
3517
9083
8701
3574
8215
3013
4236
5251
6325
8128
5331
4033
2854
6721
8153
7290
6268
82
9443
9519
6106
9865
8216
8162
1735
2232
2208
6424
810
5675
2007
882
6775
8286
4593
9653
7688
4025
6273
6598
6203
9295
3033
229
8143
41
6785
3521
4820
9983
5993
6750
535
9089
1942
1456
5464
8268
1056
5665
5284
7653
4034
3133
7278
1317
7880
3476
9777
6044
3809
8922
9956
9675
6683
6962
7119
9908
9137
8289
4526
917
3131
7286
4911
5525
3707
4194
602
6458
2477
7138
4083
2602
1308
5587
7436
6882
4790
8112
7982
2943
4312
7661
6586
544
7843
8278
345
1826
2099
5844
4199
3061
2908
9311
7567
4486
3966
9476
9106
1263
9134
8330
9921
1839
6235
9652
7729
1678
351
8219
8194
6704
4800
9343
7919
3981
1771
1567
1259
6626
5448
1158
5419
4032
1745
9336
1405
1873
1877
9649
7354
5920
4995
8064
9758
434
9014
1428
7568
7305
4758
5949
6541
2230
5316
3319
1787
2473
8091
8978
3331
8520
197
103
3868
6780
3420
5795
9034
7474
3696
7989
4364
1595
101
216
6434
2089
6579
2233
6622
7162
3242
8950
5998
5238
8491
8078
7627
8689
4023
3108
1882
3723
9045
5269
7156
1119
1036
3147
9317
7917
1090
495
164
1338
5654
7181
2675
289
2753
4420
3120
5162
8898
220
8459
4564
9073
2678
7502
4426
7123
3890
7634
9424
1369
4836
996
4922
4657
3467
4449
9646
2108
1099
6806
9503
8163
2770
4031
6158
3503
8931
7791
3271
3579
5391
2017
6076
5764
5554
3658
9586
9345
4947
8613
4295
5107
9140
6176
5776
1348
374
5106
7907
3088
299
9665
7486
7869
8156
2877
215
2907
3826
1756
3875
9472
105
3047
7232
1336
6601
7291
1060
6518
7374
8717
9471
8280
7476
6921
8542
8588
9962
2844
9722
9664
4042
5232
3947
5719
1143
7107
683
813
5228
9723
1911
6122
9625
7422
3083
7826
9974
70
5886
5456
1212
1480
415
4140
2027
1174
9914
5292
8235
5491
2628
4624
2443
4352
6757
8742
5273
2503
6927
3321
8790
2135
5337
6177
2038
6625
8871
9247
6128
3652
9307
7708
6526
630
920
5193
2856
87
9304
5611
196
717
7540
4070
9175
2853
1951
2111
523
9878
5486
7063
4014
1757
1201
878
829
6500
1655
2045
2550
4557
1046
6671
7565
2062
2132
67
218
9743
5783
3624
4057
2406
9599
8861
2284
8109
5133
5376
7127
2811
7671
6145
4902
955
6189
2557
6465
4932
9597
1303
5478
2554
4067
3774
2672
2964
8936
7322
9807
6899
8428
6164
3502
1972
5565
3823
1211
7196
2556
8187
3686
7745
2261
7552
1250
1851
5606
2054
1570
8097
5452
8532
120
730
3100
139
2882
3091
1690
1124
474
9691
5467
1094
7967
152
1011
4350
5695
4712
9214
9853
8402
6578
8059
811
6600
8722
4151
4661
9505
3484
2295
4802
9836
3397
2968
2938
4259
9929
6008
6196
3360
450
2433
2977
961
2140
1980
4641
418
1435
5246
6555
1843
2625
7133
5090
406
2318
8630
9429
2664
3404
9088
424
8063
5103
4649
3112
1244
9294
3029
8957
8284
4797
5482
9270
1039
2722
2115
8749
6277
2380
5077
8365
5082
1731
1367
6216
6068
3199
9274
4653
38
6564
6828
5627
274
8561
5487
767
7772
8652
9139
6456
8031
5636
5093
9207
3450
1538
1555
9591
4036
8764
8860
8719
2421
9548
5709
2209
4110
2785
601
7014
2937
206
1206
7924
3455
405
6534
4232
257
8492
4919
537
7125
4001
7629
440
2083
778
2749
7670
174
5698
3000
2282
2370
2058
8436
279
9212
7695
4362
7584
277
8262
7039
7151
1009
8227
9699
2012
6845
2981
1383
9917
8684
3231
4388
8876
1065
4955
9493
1053
5890
9927
2912
8944
2186
9920
4735
6875
9001
5981
3838
8785
4465
5089
1963
9707
5064
4660
4046
6363
6240
597
8650
8988
718
9289
9097
6539
7732
846
1817
7592
1720
302
1232
1508
5164
8357
4897
4810
2032
9750
2764
4751
5983
6136
423
5205
6347
6127
2187
5930
8141
5740
4221
6999
1918
438
1478
5772
5823
9902
8688
3815
1291
7694
564
9780
1572
460
7246
8616
1377
4778
1666
309
3539
8633
5786
8489
1561
7262
2438
3882
1114
1594
8297
590
2513
1841
4869
7577
77
5666
9818
8499
1788
5320
716
7003
2091
7603
1696
3500
7338
461
6251
7599
2505
3978
5327
7746
3107
5217
7085
6765
9596
9498
3215
6703
7376
8035
5867
361
6384
3069
8773
7882
6661
9116
7904
6075
8393
4123
6320
5524
1286
4286
42
5578
9253
6394
562
6382
4280
1000
4234
8104
6609
867
6702
3139
9619
2124
2737
7078
4055
5028
1314
5661
3612
9740
3343
5908
5697
9248
9125
8047
9579
1214
2067
362
6344
4818
9053
7263
4998
8129
1910
7976
6065
5781
2674
820
2555
6380
8665
5618
1578
7190
4936
6951
8997
1531
1298
2757
1368
3564
9986
6058
4105
9997
4650
4858
2289
7913
7276
8831
6897
4053
491
7537
7042
3247
6809
4512
9527
4934
4730
8319
1591
9810
7395
1078
7886
1451
8560
3380
9019
34
4050
7462
6051
1811
4251
6983
5076
6275
6453
6644
4113
2774
8195
8585
3841
6673
3738
6913
4846
5551
2188
3901
7149
8076
8116
3908
4452
9844
308
4545
4432
5343
2781
3922
1120
5220
4334
6154
6489
5889
2252
4580
8571
5435
8654
600
6910
2070
6895
5073
7284
4829
827
5202
9587
9110
8973
6423
688
3250
5267
1858
2009
7307
5747
9539
3117
9569
8476
4977
604
51
6212
6560
1422
2164
8982
6918
9925
3407
6457
3792
4658
5553
794
4454
9243
186
3635
2705
3489
5567
9195
4552
7564
3802
4787
6754
6525
212
3245
1166
5961
2376
8905
3413
4970
8370
7201
2851
3208
7174
316
7740
6059
4134
2573
3684
4739
7524
1921
7519
8568
5517
4124
8168
3425
1668
9872
5283
9982
4783
1806
451
9992
4559
6398
3427
9432
649
6742
3169
84
5990
7782
776
8037
464
7816
9922
5119
4327
9601
8943
5633
586
974
5243
4550
8847
8287
3337
6169
6612
5924
620
1278
9164
247
4287
4091
9193
6029
6328
5922
1419
2726
5652
5894
4782
9297
2934
8525
7959
2306
3915
9178
1676
863
4490
5849
5745
7604
9904
8544
8884
8587
3526
4272
6486
6205
7961
7522
7358
4610
2414
5507
9151
3356
2162
3816
5274
8912
619
3566
8792
7992
3322
5264
3183
6150
3066
7631
4907
8046
2847
3284
5592
9071
3923
8526
1121
5813
1085
3472
9162
2217
3921
7445
104
763
9148
5034
6610
475
4887
9128
8386
2806
618
6816
8724
6492
1352
1172
5840
1959
2808
540
1783
3454
5218
5906
3482
8877
5396
5490
1393
5822
575
1592
639
8756
1095
8501
9557
8644
4130
8098
7633
8070
3190
3636
382
1662
851
4811
5986
74
4566
3486
9507
4776
8418
3076
2033
591
4677
3374
3355
7325
3853
7165
1219
7463
9981
7984
4968
6026
5973
8447
3097
5255
9864
7786
2276
1684
2973
9863
7037
5766
2862
5199
916
609
2716
6133
2508
8515
6261
1926
190
1912
5634
5401
7736
9188
7521
335
7779
7403
2150
1400
354
9146
3552
3586
9682
7213
1349
1408
5653
4183
1949
2178
2902
8389
9105
6153
214
515
6291
5605
8103
5643
6792
1081
5209
5694
9571
6595
2677
6062
8462
9915
2700
4240
142
8269
1654
1639
2539
4037
9859
1656
9988
2900
9541
8661
2993
5825
4699
2901
8913
7175
1936
6778
4178
8231
3235
113
9187
458
8919
1703
2075
6961
4938
407
369
6082
7320
7752
4466
879
8727
1123
2611
9522
8228
6414
6053
8994
4855
4138
3768
9593
8893
5008
9306
6968
1895
5831
3264
2510
4531
6142
3622
9373
3074
9104
9118
1965
6946
7131
9987
7874
1335
6004
7693
6005
5827
8873
1148
9100
7864
3257
7189
3965
5105
1715
9000
7018
7179
8272
6581
7771
9662
7723
3557
2202
8421
6229
2669
3056
3903
5671
1935
5780
7022
5068
3745
8948
2152
9550
1066
9948
3465
4049
3857
7102
9607
2504
614
250
1058
1016
9518
3730
7458
9211
9685
1328
9916
762
2345
8653
8178
8043
9521
1657
8407
8452
6475
9860
6751
3385
8405
6663
4746
3273
8984
8791
1457
8900
9006
177
49
209
2899
4901
6820
4279
7163
1294
5379
5638
862
8404
2995
4551
9115
7388
2127
8887
1296
739
9121
3784
8812
9236
1987
3341
7897
6102
1868
1341
1364
9692
1361
6559
7500
2428
9357
5923
1770
4100
1622
3244
6618
804
7958
9546
647
1746
954
5475
1526
6741
675
9064
8013
9204
6355
4590
4915
9042
7832
7053
1559
9581
6855
9473
2676
6446
9259
3613
524
8466
7070
4175
163
6556
1381
8937
6362
2215
4192
9316
2177
3019
4505
4536
2565
805
7164
5159
4630
9403
4363
1366
2807
2077
6272
6758
1371
4438
5166
7727
672
3800
3789
3913
5306
6834
2347
8551
7848
5479
1102
6373
2236
5978
8738
5053
6069
4709
1878
4910
897
2725
808
5761
6688
1413
1960
5311
3382
6496
685
2813
9131
2962
8005
295
3158
3787
1661
7491
8638
8976
5685
390
2148
4719
1600
3001
6738
7578
9881
3758
2025
728
6043
8001
5953
8850
3680
7651
6209
704
1312
4393
5420
178
2451
9545
9426
4208
9144
1677
6773
1665
8347
5312
1152
6040
1786
1970
1658
4417
6047
7665
135
2775
7722
6105
5595
3699
2469
2197
6567
1505
6170
4366
3378
8536
4051
4784
1398
5583
448
9254
128
678
7946
2549
5995
3785
2061
7367
518
5263
4540
6324
9735
6553
2575
2239
1650
7346
5839
702
8475
7386
539
6356
6545
6777
7093
4949
8625
3154
4343
1996
1109
2520
4549
5062
2879
4460
8000
3663
2452
3813
4275
18
1635
1814
4681
5353
9005
854
9724
414
8796
9824
5582
6174
1176
4579
7146
7581
6570
7265
623
8642
6550
3015
254
3161
3078
5909
3709
1580
4400
7506
2926
9057
6307
6016
936
8705
1461
8006
4722
2106
2238
777
3513
9280
3833
9147
4442
8025
2670
3359
303
7160
3925
6876
3175
3182
8985
3799
3725
9529
7972
8449
4743
9516
7647
1015
4726
6795
4017
3910
8500
5544
3367
2957
2637
75
266
628
7673
244
9497
8935
4548
3110
6204
6279
2387
8555
1557
3870
5191
1082
8815
6908
5268
3879
3623
8529
4750
3463
5715
8225
9840
9919
470
654
8021
2597
3697
3483
7447
1382
6377
9726
4874
3782
5520
8816
9401
8457
4992
6670
1397
8189
9788
3159
3176
4767
5664
5063
4957
5060
7242
662
1999
493
2861
747
9683
8833
6088
4040
9015
7121
7183
7867
9826
7814
3754
1876
3054
9884
11
7122
1470
724
8825
6603
3581
9237
1754
3655
7468
36
3498
1651
5948
9744
1238
6280
5707
997
6070
8480
148
8669
2828
9630
4654
7600
1852
426
5579
5240
4146
561
9356
6086
2144
3821
3749
6322
6445
7192
8321
7998
8214
7859
8548
5677
9323
2638
512
1848
6720
5530
6693
4214
8559
9180
5215
7566
8814
8735
8753
307
906
5526
494
4655
2759
312
8930
7083
8479
7225
4988
6676
2631
8703
9576
5001
445
970
3669
9076
3649
503
7767
4520
1809
4357
2072
1425
3053
4171
7664
5109
4333
6311
8048
5829
5459
6180
7301
1271
5492
2595
2010
6374
914
4056
3670
7879
9642
987
7657
3226
4470
1845
6843
3831
6517
2068
9666
9114
4261
2018
3565
199
1068
8775
8821
9048
7753
1524
6969
1743
4612
2464
8498
4150
2745
4395
8314
3852
7033
2960
1486
4205
8417
9831
9774
6395
2139
9733
4009
8595
7792
4164
7212
6991
676
9759
2660
731
4071
317
7601
3419
684
8086
2101
9393
553
6444
6421
8975
5244
6756
2312
2432
9127
8316
8263
276
8309
52
3516
8290
5604
3267
7499
5242
9565
1035
5183
1752
8862
4597
8495
8413
9079
1161
2739
1864
378
1150
7645
1955
8431
8411
7639
8656
7728
884
7049
4873
171
8537
5304
755
6269
9437
3217
4080
5026
7117
7295
3979
5897
5794
1241
1646
4147
9879
1072
6049
5655
3830
8208
6385
2051
7435
8523
7545
3496
3632
5647
4162
8977
8959
2011
8332
5184
986
6283
6852
5118
8830
814
1220
4981
6558
5824
3679
8927
3698
2179
385
4475
4245
5641
7765
3381
5503
3116
8071
944
6514
3456
9386
4848
6232
3708
4281
791
4335
6400
484
2893
7780
6501
2342
9141
5987
4369
1672
9024
4092
9091
3959
1240
4434
6672
449
9427
6369
4806
5642
6293
6692
3423
9028
271
8528
900
8044
3216
6163
3261
7378
9385
5185
6870
4921
249
2394
6922
2529
4374
8323
5458
5865
3820
1334
3443
7351
5065
4451
2266
8859
6227
4444
8050
86
6186
7721
3296
5989
1924
9412
509
9347
2999
5382
6470
1889
272
9161
325
6071
7252
3262
2205
1010
2835
8483
248
3682
2969
8007
9022
7875
225
4903
3141
789
3279
7429
9488
1392
4853
2682
4086
6175
3848
7902
3752
2576
8963
4168
8244
3827
2914
3932
8158
6521
2715
189
2982
4405
8335
9181
8746
5624
8575
9191
1725
5733
2228
1455
9142
8137
2321
6924
9931
4249
3562
2264
8729
6959
3214
1993
9309
9661
6317
9234
9811
9101
3383
7503
6994
7068
251
8485
5014
273
1159
4332
4756
2692
3400
2181
3478
6599
8750
8288
3399
931
1533
8596
46
7618
757
80
7161
2474
2133
5315
9339
6681
7632
7226
4849
5759
9547
9129
8882
2063
8030
6864
9747
3393
9033
7120
9544
8463
7766
9096
7719
6409
94
2485
27
3090
650
4398
5259
8092
8946
5692
5801
4698
6745
2953
1679
5348
8188
7701
8446
5409
5108
2191
2906
6695
634
7781
8741
1012
2763
994
8414
7096
1404
7541
8320
4336
7239
587
3077
1243
2388
394
7504
7586
8307
8521
5850
1780
9273
1785
1475
4122
8154
5663
941
5326
648
6045
2704
4724
4193
1155
1915
5197
1823
5828
9290
7899
8505
7835
158
68
3550
9065
2022
1347
8177
8275
7751
1604
6633
6805
1693
1517
1175
3986
8583
9133
6197
4777
6966
7560
9416
3087
2880
2997
5465
505
888
6784
1138
4948
4427
761
2330
7167
6315
2619
2723
4285
9208
4476
7573
2848
4888
8925
9233
1761
3769
6187
7892
126
4563
9756
2308
2687
1097
6900
7810
167
5775
1387
4141
1437
2455
241
8897
4039
1879
7317
7082
3014
1235
3911
8674
1976
2094
2684
9375
3048
2368
9933
2970
9909
4338
1680
7775
4744
7523
6611
595
9789
8344
3025
8782
5170
4613
1920
4804
4822
2710
6615
341
1249
3912
3997
1961
2419
1316
832
9937
6536
9861
364
1509
759
8713
2533
6537
3995
5843
5095
3268
4216
8503
3777
6447
2599
1542
3293
8062
7824
5016
764
5522
9454
5351
8758
7467
8841
715
7663
3667
5558
8634
6036
2782
6192
8130
5167
252
5224
8932
7312
1846
6228
7533
2501
4065
8592
7332
2463
7128
4861
1670
5019
2427
6422
3201
988
8401
183
9075
3281
3759
7377
9870
2881
8979
1489
332
2059
9990
7714
629
4645
5104
2304
3171
6943
3504
6783
6916
1062
3740
2092
2524
655
2870
9081
9165
4501
7828
1986
9010
5301
141
892
3109
3571
1191
9588
9465
532
4308
8826
6787
1189
1279
4018
6714
7207
6915
5560
3810
8784
2110
9389
9753
231
1103
5258
4908
1394
6507
1792
7384
8569
4962
3992
4414
550
1073
9055
8639
5941
3783
1865
5271
3688
874
8002
7480
6740
3121
2096
5378
847
1820
8604
5523
4964
752
1463
1821
9711
26
644
5318
5679
3059
7260
8863
1379
8760
6152
1990
2383
1293
7777
2990
1167
771
2875
8510
4738
9422
3342
3102
6397
2890
138
9779
7051
9245
9436
9901
6239
9286
855
4734
6755
4484
7267
7684
3936
5714
3871
5880
8362
9897
8874
398
1612
8853
4213
975
2552
1295
4058
2184
8685
5773
8226
9891
7166
5536
1339
9150
5500
9037
6464
4243
9674
1758
7035
1623
2157
9941
1827
95
7193
5877
605
9854
8205
1544
2691
5177
140
7282
5501
2260
5393
7203
7977
3178
5521
1706
6850
4415
6585
3924
1737
2417
7180
9600
2949
3773
4309
8420
6752
5443
7130
2006
4407
7412
9684
8660
5960
7955
6287
2719
2707
7044
262
1574
8108
4323
3409
1634
1671
9196
1145
7438
2323
1203
8565
5846
9611
2967
8292
6717
8322
2418
1641
8306
6017
7214
6956
8482
584
3678
8580
45
1832
7380
6061
6451
2571
7933
5778
4337
4231
5607
3734
971
9701
3891
4277
2005
7045
9007
2331
2292
1446
8296
1550
5155
9673
5625
6934
2065
2173
1968
5940
9496
3839
3030
978
8846
4170
5430
8836
5603
5779
9107
4905
1768
881
4971
3491
3166
5003
6103
8921
5547
807
932
5260
4898
7863
4717
2976
3537
7199
883
4847
3272
6950
6829
1441
8069
5793
1071
6038
6684
8589
4121
979
9111
4667
7197
5372
5116
6366
9994
9271
5305
6416
9612
8416
8716
1540
7969
1421
4618
9515
8627
5800
9231
1729
5358
2042
8837
233
7362
4761
8079
6762
5048
4825
6371
7733
529
1535
5342
756
2396
2291
9582
2078
5078
8960
6996
8256
1507
2796
9817
3867
7851
8607
7658
7840
1688
3288
1919
6872
7820
9440
4085
2819
9417
9979
1129
3602
7404
5842
3904
5921
1329
7488
6100
5388
2545
4524
5686
4116
1365
9621
5296
9487
8535
5690
6708
4878
698
7862
6524
7111
4115
9321
2229
4796
4798
1829
7712
6902
7152
2733
4518
4741
2673
9598
401
5455
3220
9842
7622
4941
2626
6544
4143
6022
2799
990
7834
7542
8697
4226
7389
3755
3596
7293
5725
331
1345
4010
3732
866
2285
2812
6054
7649
5439
3556
2339
3058
7099
8318
1589
7855
5175
6533
3089
1855
6722
6427
4089
4877
7505
6716
107
3983
4666
5701
6365
6072
2104
2897
583
2055
898
1017
7000
8350
8364
1867
8465
2996
8779
1704
6181
8304
6484
9681
366
5294
2373
6772
912
4386
1947
2928
4315
6161
4607
391
1026
787
9728
7397
6339
4319
7288
6402
5963
2212
2084
112
5380
5226
5080
2752
1168
6842
837
2540
9069
5
3722
8579
2317
1063
2207
4801
5449
3237
8356
6776
8953
5086
1395
6080
5681
7966
1188
9945
952
7431
340
8998
8723
4895
4665
2883
803
6461
9531
4930
7356
2616
8516
154
2472
3155
8310
8117
4087
5750
1934
3835
5222
3849
7683
7021
6067
9700
7002
1669
7009
353
8391
2499
2643
895
425
1714
3902
3540
734
9834
9631
7056
3850
2154
7237
2579
8761
5644
9451
6039
1522
3535
9313
5613
1712
4900
4857
1171
5912
6387
3898
5977
6574
411
6664
3829
4064
6440
2622
3144
9320
7285
4620
4176
7735
1989
1699
7273
3737
6144
2219
64
4106
8115
8885
3274
5282
4989
8315
9856
9036
2493
7440
2542
1193
3659
8427
5363
5847
2645
6452
8399
2950
7612
7861
560
8387
2650
2194
2706
4749
8261
1196
3492
5765
1280
5480
4927
3156
3462
8366
959
3253
3968
3410
6233
511
8992
8817
6769
1025
4684
7492
1385
551
5608
7115
7660
7942
7381
2514
8210
2269
7235
2792
598
1682
8991
1420
6835
9708
1627
8271
8864
599
2073
2439
4349
8648
783
8844
9119
5357
24
3299
9448
7700
9796
5421
4410
2655
3804
8223
3475
4917
9849
386
7136
1315
1816
7023
9425
7487
4914
7703
703
1154
5879
3324
9894
5804
991
726
966
9889
1833
7954
9542
5366
4409
3357
6474
1351
6120
1454
88
5018
432
4737
9410
8640
5381
4413
5887
3527
9176
5291
7259
8615
8211
5951
85
6590
429
8545
3170
9656
4720
6531
8087
3043
5660
1614
7182
627
9898
7308
7370
2315
3666
1284
4483
3312
9194
2621
8597
7641
4358
3551
956
7613
6450
2296
8883
5099
4254
3402
8182
50
635
3453
2528
5013
8285
4396
7871
175
5678
4834
2241
6588
5659
2004
5494
4588
1515
928
2892
2031
3002
7084
7648
1458
4182
2105
790
571
9855
9954
6907
1049
566
864
706
8220
4158
4370
5593
96
3766
8539
43
9635
5610
2381
3256
7318
7464
7678
4456
2984
5110
7248
7854
7870
5965
7970
5543
4634
8852
1548
2459
9229
7059
256
5868
844
7027
9603
3026
5585
3415
3384
207
465
7943
3412
1187
1599
659
3152
6620
9761
982
6648
399
8762
3712
8736
8903
7983
8802
1417
5612
4347
3196
9570
2920
6679
4506
3128
5450
536
8373
1131
1492
4144
1002
8911
4079
437
8605
2389
7313
1436
8658
7402
9372
569
1443
2200
1543
5992
2372
1884
3861
6791
2721
7316
5532
180
9946
2440
3657
696
3767
4757
603
1781
4591
8454
9184
4899
7006
8397
6353
2521
3079
3637
1701
5996
4760
4788
7439
2363
7368
570
1147
55
4209
9584
1931
2634
4926
1527
3589
8707
8028
4924
3945
5354
7421
4983
4676
6723
4814
1539
615
4813
8394
4931
3520
4594
1075
8720
3187
487
4471
8572
5058
4132
5619
8774
7208
3084
8033
2769
2397
6823
3511
2532
3304
6011
1896
3668
1354
8690
4129
4314
2587
9392
9543
9622
3819
9251
1805
4946
2141
1836
2123
5734
7357
5596
4821
7425
9338
8408
8603
408
1325
2088
1141
1660
6905
6616
5616
1730
1631
7501
3633
5096
3135
8968
2607
4732
3701
5891
4986
8237
3770
6138
1324
5010
748
1179
1779
9833
6815
9572
4114
1373
4795
4521
5598
998
2963
4703
1551
3748
3872
8828
9322
5027
9331
1005
9149
3277
4210
6851
5142
4101
58
6498
7134
5746
2365
908
6548
1416
9492
8095
4169
2972
2760
3248
8308
6399
6184
7656
8432
4772
9935
2047
2888
1708
1169
5927
478
7515
4794
7986
6549
2841
531
4265
3064
9843
8384
5562
4379
5352
1146
6338
3269
2683
3206
7872
7611
4639
5716
7287
656
613
387
7337
9746
1904
7530
9893
4625
6511
8679
868
1028
8291
2390
1901
3525
7390
6974
8016
7319
6000
4256
4387
9012
567
7379
3786
2136
3607
1184
1089
6985
845
6949
8301
2076
7926
3806
222
267
9462
5668
6938
9213
2916
1790
3909
9636
1979
7168
3935
4174
6802
1070
849
2114
2804
6224
7289
294
7858
694
3429
5809
5684
2425
8584
3501
350
7739
841
2613
631
1648
5687
3286
5174
1797
9741
963
7576
6632
8173
5724
7940
7365
7842
5711
4403
3379
5866
9736
2041
5406
4554
8986
3098
9910
3435
5171
8556
2087
5621
9278
2247
4382
673
8230
3330
999
6200
526
3954
530
7572
9589
3718
593
2507
1957
4317
5917
1444
3824
7866
3350
1633
2623
876
8709
6881
903
9610
232
9284
4733
1432
7737
7393
7906
5125
7821
7409
2500
768
5899
3964
8958
9752
1596
4356
3300
4766
9354
3606
2846
6724
4094
9185
2756
2458
5328
4944
8251
8134
836
1350
2730
1019
98
1686
1611
2803
510
2665
5098
3563
3181
4736
2942
4786
6316
4330
4068
940
3851
6485
6981
9694
8181
3221
4974
9552
5045
1378
1856
4850
3046
9787
4159
3604
7774
1133
8075
5602
9637
7716
6582
6656
9384
5272
4534
9382
4005
4727
8888
226
5556
8666
992
7369
7094
8471
4082
4384
5138
2327
822
7025
3275
1288
8040
5797
6217
4322
3567
5683
4345
5359
187
7359
3470
3042
7017
4126
6360
2620
3198
8896
2627
143
4041
6761
5441
8926
2657
4762
1374
7625
9823
9715
711
1038
1585
7292
5910
6499
242
4791
4305
9792
8193
8496
7724
9613
5818
2280
298
8423
7978
278
7514
4311
8174
1995
6509
6753
8351
2395
8136
6472
31
7177
7655
7408
2426
4019
9938
6508
9388
2314
239
7300
7485
4592
4503
2822
6919
6155
1469
579
6171
3916
9549
9013
933
8409
8870
9093
5411
9923
5134
3369
5489
2348
8725
3681
1198
170
8637
5808
6589
9559
1242
8254
7937
8260
9246
9772
403
5466
3665
7574
9524
463
176
3309
90
5680
2079
3608
2656
8361
8460
3035
8835
5971
3157
8502
4537
9167
910
1603
1306
9623
9890
9327
7206
7980
7466
1702
5757
6182
5206
1310
1579
6587
5405
6865
8696
5872
4283
3148
7020
3969
3844
3167
1938
4951
7081
8623
5371
6774
574
1861
1705
9441
2865
1357
8550
1925
667
3781
2182
7385
6628
2488
3906
8700
7846
8336
1916
53
9190
5194
1853
5650
235
3034
198
1568
3040
8655
9397
8807
4851
8056
2351
4672
2040
3003
2663
3377
2274
4131
7470
3643
7473
2966
8415
8714
4203
1728
4913
296
5422
1794
133
1224
7778
2605
2253
9361
4996
2543
3439
4437
136
7934
2724
1971
1605
7881
2662
2980
7884
8224
5340
2547
7883
392
818
4696
5799
1504
1030
192
5438
617
2250
4263
1183
9413
8248
483
4076
7019
632
8509
7636
8602
6790
6097
8854
4651
8376
1380
1898
2989
2559
1511
208
3318
3545
5833
2311
3363
797
4172
6645
3704
7219
2864
5904
3585
281
6358
7704
5972
1913
9456
3323
7952
3200
4027
6381
3457
3428
1281
7610
1
9379
3972
3726
8232
3252
7784
3795
4482
1681
9554
7137
5012
2270
8875
2410
6731
3255
5402
9795
9825
8295
7373
1804
436
616
2697
4044
1116
8341
2833
9839
6018
2884
7621
1547
9109
1808
1309
9658
4202
5984
4541
9648
5445
6931
6941
482
4538
6506
5945
1755
7186
522
8144
7985
611
9841
7029
5006
6297
4418
8538
9538
1751
8443
435
516
3918
9955
4104
770
5427
3536
1111
7352
750
7827
2243
9504
4700
6947
6031
3037
7999
9398
9381
7811
1194
9578
7829
79
513
8645
1054
2746
2039
5975
8051
699
8212
160
5856
3481
3993
3172
7344
7274
2302
8965
5444
5586
3601
7371
2014
6697
6033
668
6345
54
4647
9716
5437
5674
6135
4652
9032
6118
8468
3114
7550
3164
1014
5959
4770
6957
1803
4478
1564
1292
733
4458
3441
3052
6014
5400
9329
5753
9099
1006
4603
4904
2167
8662
5036
4289
2581
5245
4397
238
5931
1778
942
9464
6050
3949
2894
2333
3298
1008
9960
7510
6879
1372
1227
5798
421
3432
6477
6978
2696
8317
5614
9302
6199
7407
1355
4975
3031
1753
7441
6388
5513
9958
6023
7483
8343
9477
6448
772
7885
5771
2297
3032
3598
2748
9670
1629
9415
7975
6689
7692
2416
1937
9315
3136
3605
5646
7796
3403
323
7153
5011
9466
7062
6781
1231
4547
819
7685
9319
7132
7764
1217
9977
5763
8577
1617
7606
3735
8983
3776
7799
328
8196
919
8530
2818
3507
1236
99
1200
3260
3016
3227
7800
8477
2169
6329
1869
8072
7669
6125
4109
4313
1643
3651
1186
5158
7328
7341
7539
5803
4030
2517
7114
2213
6894
9609
1320
1673
6437
6614
6085
5428
3153
2526
7428
5051
4440
5905
13
3418
134
1047
4882
5198
3864
651
6326
8999
2275
2196
3122
549
8367
6712
7819
2090
6694
7585
1029
2002
572
8970
5976
5462
4879
6271
5928
2630
8346
2954
3977
793
2932
736
2013
6449
8242
4600
6873
8369
5935
2287
9276
8540
7619
7750
6468
6868
149
5907
8426
4181
9414
7015
255
6840
9085
901
3452
9885
3280
8566
1890
7075
6094
5408
3265
29
8518
3863
6264
3724
28
7296
7401
6443
3907
6715
2354
5056
8578
5722
5888
1772
2522
1519
5496
3317
6527
2324
3326
2204
468
2659
8041
6668
834
960
6789
4673
4229
7615
3395
5812
5777
8169
6149
3905
3808
9411
817
4845
5091
5148
6824
447
4270
5918
3246
8200
2714
4391
2633
3249
3951
6337
1302
5853
6491
2100
7220
1092
7878
3028
3259
1112
2765
5723
2413
689
3316
4631
2895
1234
9563
6219
4303
9940
211
3365
953
958
7399
606
7936
4173
4142
1477
5873
4748
8252
1096
8474
2911
1908
9899
1945
2817
7304
6236
8160
4238
7054
1619
2060
4310
2965
4148
9725
7748
1556
896
8217
3518
1685
5806
5377
3437
1724
8649
3599
395
4464
8908
5936
1226
641
8732
1583
6260
4500
486
1104
7143
8467
1307
2689
3610
930
5230
2335
7789
124
2268
3514
6869
130
9976
144
3747
7360
3436
6730
4606
6390
8312
3444
2400
7642
4489
3790
9209
6386
8400
5617
4718
6025
8842
3893
3660
3289
1282
8820
7355
6238
476
7687
1088
1268
6048
5182
7215
5341
5628
642
2497
9201
9332
9875
9358
9094
2810
3592
3719
7038
5072
4923
2772
3104
686
1819
3004
1909
2849
477
8966
8822
7947
5481
5770
4424
8360
6391
2392
4077
7616
4257
8218
4015
333
7776
245
7920
3595
7089
8599
6863
8068
682
6294
5413
8609
6335
769
8113
2558
9575
9604
3391
1362
8731
3629
6213
8711
6572
8243
3591
4519
4611
608
3611
2147
6955
9883
5735
2211
9084
9573
5774
6799
9434
5035
8157
4662
2437
4835
4623
4626
3733
8191
6467
2951
873
3941
2800
6605
2831
621
4823
4954
5075
4496
1246
4008
3065
4389
9463
4062
1213
4294
9168
3126
3150
5128
6659
5277
5117
3976
3039
4716
3561
93
4353
2382
9177
8084
1537
8088
2367
9564
7762
8450
4422
4204
8099
8324
6220
4318
6973
1495
4258
7272
462
6909
3371
3661
4602
4581
2498
4184
7028
6041
1403
7949
6439
3408
4211
2922
2494
1558
2939
6794
7579
4683
4991
2129
6833
3211
9887
9123
1190
3687
1118
7275
2024
1370
8971
3547
2946
6460
6861
6419
4473
4570
594
8890
383
1991
5390
1687
6631
2254
4197
3233
2909
669
7730
5009
3593
3333
4933
4469
4969
4447
3554
6302
7557
8338
4185
9202
2192
9508
5356
4999
4615
4502
9720
1828
981
1952
7258
3919
8458
6259
3998
6523
6650
7361
9023
3727
708
342
4560
7264
5179
904
4616
8010
2035
2601
2654
8349
7587
8586
7963
7281
4637
5721
664
1800
1023
7624
2603
2160
9353
3106
2391
2698
7340
2694
3672
7141
5276
3314
7413
2642
4260
3092
8114
852
8574
6091
2956
925
4646
2936
7142
1897
3434
5141
4628
9122
5157
9249
4441
4188
6771
3495
6770
4578
9215
2080
6568
1610
9886
9965
9526
4819
4119
3615
2649
5580
4765
610
5874
4348
1590
5200
6563
9583
7747
1847
3690
3405
8140
3328
5160
5210
6119
1966
9261
4891
3373
1327
4179
3988
858
3955
7250
6147
1079
7609
6642
310
3228
318
6288
2293
8313
282
7079
8008
6442
5111
3576
9650
6333
8434
9690
9461
3329
3558
6418
6577
2904
8808
5113
1807
7471
3546
8022
3406
9438
3705
2797
1040
6132
8771
9996
871
1748
5387
2531
5954
3946
4011
8552
4569
7554
6020
2891
3123
4099
3859
957
1299
5862
7888
3760
5859
1406
8276
3743
5017
1297
1640
8651
7443
1620
9820
1850
6667
5124
2825
7205
1106
8382
1173
5497
6289
7266
7979
636
4585
3270
4705
9815
1881
8915
7570
33
8305
4278
3448
1192
1534
1872
5540
6379
6896
9112
8180
7223
8096
4493
779
8668
3843
2341
2146
7323
6797
8352
5559
6114
6478
7598
330
7822
3967
2948
6292
3555
4929
109
2475
9748
2878
9157
8145
7071
9120
2242
5528
5365
6837
8726
5832
7158
8972
5322
6764
3811
1020
4052
9484
6160
3676
4462
9206
1107
2842
2429
8019
9027
9173
9765
7516
7280
3927
4269
7763
1237
3335
6084
7909
9695
9395
8257
2278
6562
2445
2590
1501
921
1344
5841
3845
1423
3817
9342
507
9351
6237
3203
3414
2592
1608
8981
290
5161
4372
6001
9540
9561
8733
2120
4742
542
3948
7893
1719
5432
1027
2585
9460
153
8657
5102
223
125
6737
1256
228
6859
1883
3634
2886
2776
6728
7927
5149
2467
8381
3490
205
8497
8247
5483
6691
8107
1545
8839
5227
3626
9049
9907
4268
7271
6584
7016
8806
7444
3928
7448
7188
4467
7793
4885
8138
1415
4504
2731
9439
6666
8734
848
5499
8089
977
8823
3282
4127
8124
263
2566
1388
2364
1554
8184
2046
3294
4840
7228
7831
3780
6987
4523
7446
6979
9030
4945
8238
1498
5137
9689
2695
4290
6760
384
4906
1958
6942
5700
2690
2839
1689
3894
6914
3263
3219
4346
8074
7956
4920
446
721
7689
2979
3334
508
799
765
5860
2598
7699
2971
8440
7517
3163
7534
3673
202
8776
9633
3398
800
6298
6651
2008
8777
7830
4539
2821
1674
9230
3710
1763
4190
9480
3177
3386
6515
3372
5414
159
2632
1862
3744
1410
2263
2183
4862
8564
2319
8878
5537
8881
947
9614
8952
400
1313
4459
3764
7497
624
3999
459
1664
6711
823
4939
1998
983
6469
1411
6350
9335
123
2479
2369
2991
2336
3213
2313
4120
9590
5040
9951
2338
8487
7314
4993
828
6844
6351
5942
9900
4972
5234
6166
6349
6109
6454
2442
8632
284
185
5347
7315
8197
3989
6542
738
1776
8783
5446
3862
1140
227
6003
17
2480
2624
1818
6060
5790
5425
5143
5749
833
3617
592
2476
4976
5239
1857
8995
4596
4803
8255
1473
2138
9709
1418
1207
3648
8105
122
5901
10
3344
1842
7717
8606
5645
4864
2593
8558
8858
3621
5361
9806
2777
7769
6849
5970
6403
1773
9502
6846
2107
5440
8027
2985
6652
9677
6937
838
5848
2735
2128
5925
2399
5339
1597
2930
6675
8795
1160
5768
3232
7041
2402
7837
9803
2945
4764
8945
1496
4425
869
6971
6814
2165
4207
2713
1774
6832
6763
5173
184
2190
7865
2434
1506
1616
4633
213
3375
9046
8708
3130
3597
1430
4412
3793
8683
8678
6306
5223
8179
573
773
2366
9714
1917
5423
517
5020
4102
520
8448
430
1353
8034
3297
7326
7794
7696
3714
203
3011
8166
6686
6104
1086
5738
8918
117
3222
1254
8085
9851
8111
3009
9281
1789
9344
4135
7801
5079
7930
645
6602
8838
4156
5172
9719
9835
3644
224
7048
732
9535
9446
2641
2328
5549
6207
1260
2653
7711
4394
2987
9704
1004
6726
6786
6253
1740
9325
5370
8065
4601
3953
121
2544
502
6674
6903
162
1319
3797
7069
4768
492
6242
5165
1076
5231
8396
7256
4096
5589
1860
6970
286
6682
2898
5767
521
3168
1389
2003
4817
8906
1777
1802
7333
9525
4863
6488
6112
3963
1870
7761
3510
6198
9953
4242
6635
2484
4300
3702
5570
7921
1360
5836
5112
4866
3292
4781
9364
3837
5043
97
115
7032
938
7900
2680
4377
4669
9866
5946
7731
8018
3012
6108
8901
2049
5094
8206
6945
9784
4663
589
4111
1468
5052
396
5130
741
4061
6139
1228
4247
788
2198
8849
6111
4562
8786
2582
8748
2303
8851
1022
4679
4423
6998
625
6013
4125
1034
5851
7455
1835
5913
1108
1893
3485
7623
2466
4573
3134
6798
5689
7720
9350
7430
853
8788
3960
1117
2344
5132
4487
4773
412
4499
9063
1412
2352
7230
7427
2102
4595
3194
3884
3459
1769
9968
3327
6826
5266
652
9433
6336
7508
1384
2359
5126
9964
3471
4235
8504
9862
2130
2580
2225
7680
9880
2279
9265
5087
1248
4200
5286
1216
2069
7012
6083
6393
7210
2283
1981
1532
7895
9845
4525
3044
373
81
7804
7815
5032
5469
2016
4690
9054
1750
7472
5782
674
2456
4688
3445
6266
2023
812
3584
7674
2001
585
9555
3238
3055
3569
7957
2609
4830
9430
6779
2935
7261
4960
1442
5594
8891
7760
1262
9828
6438
7453
9734
4074
6134
5599
9767
357
48
7707
4088
9449
1127
4586
1606
5648
7077
1199
9442
6270
7896
7234
4248
2113
5114
9669
1946
3519
8715
2947
129
8294
8514
3886
1414
6597
4763
1649
9275
7101
3474
5156
8628
5189
8328
4868
980
2300
4128
8355
2412
5821
4643
9160
9366
8139
9485
1565
8331
1733
3493
6243
9407
1488
7734
7004
9203
3741
5083
2258
7559
1069
9158
4401
5896
3320
1812
6655
943
2271
5535
5826
7544
6854
8073
927
7974
7024
1905
5737
9199
7067
6573
6677
4582
7417
9585
1784
5705
3137
8379
6532
6836
6392
9474
8009
2959
1698
4638
637
4274
2168
753
4228
1135
7227
857
4702
8023
5403
989
1840
8470
4360
5369
6660
6126
3973
3630
4706
6466
9971
7903
856
1204
3542
9721
4635
2703
3022
8222
119
7451
2446
9717
7650
2393
1499
8032
2640
7768
9984
2174
1144
5997
5451
7465
8333
7283
3950
1497
4112
5055
1139
4832
2688
5670
8909
1164
8843
4828
1061
2955
3897
2789
4622
6479
9301
1323
9727
4020
7652
4747
1083
2056
9288
626
1732
9819
5550
8060
4568
3085
5476
3480
545
727
2867
7416
6410
7426
6613
7086
6749
3339
2801
3241
6030
6301
490
2240
1854
9936
5947
106
114
2562
8567
9222
8439
1261
8576
3982
8486
5461
8441
714
3654
4463
6995
9580
3348
9218
5882
5792
8752
3832
4355
7194
8053
2320
2921
2415
6101
3103
5349
5457
3742
9059
8811
6162
3693
111
2218
1091
5622
4296
3559
5046
801
359
5298
3794
7433
2026
4629
2235
2940
7702
155
1512
5512
1153
6482
2618
9232
7718
1978
543
4244
9782
8721
3145
4697
455
6157
6680
5280
8546
7548
782
8980
5857
6201
9913
4648
7538
4435
743
4769
826
2668
2712
9790
4686
6252
7144
1700
6812
7298
9848
3023
2245
4098
3446
376
2226
6211
6063
9360
7309
8233
4421
5577
5506
5281
760
195
472
7968
4284
6926
1765
2718
6889
9225
1969
5336
7911
6630
638
3421
8728
633
6340
5399
4498
6131
4045
8512
4160
8120
701
5673
1156
6920
3115
2462
3191
3778
9468
1195
4324
8300
5876
5236
1624
4306
4816
9419
6346
191
2153
2658
9738
6308
1607
712
5571
3346
5566
3038
7442
1943
5302
1891
7363
8274
1485
2793
1849
8751
5969
4799
3336
485
9713
5623
6267
2855
1707
7845
1636
3578
6190
5332
3295
504
4713
5956
6312
6984
4016
7191
5395
2491
8964
3883
8947
6551
8794
416
1575
4472
6116
9906
4075
2057
1953
5037
1239
2457
7347
9298
10000
3119
7960
8342
1401
6917
6596
1691
9577
4416
4325
9562
2511
2360
1923
9058
1491
4671
4
7808
7108
5178
7011
1356
2408
6221
3466
3791
596
7098
2176
9285
7327
2570
2840
5278
5784
3254
8245
2036
1253
1105
3311
9495
7498
8769
5418
3938
5672
5122
1042
4994
3449
7561
6055
8635
3895
6640
8142
951
8789
691
7925
8601
9628
6413
1043
3825
6853
8610
7898
280
4250
8151
934
2918
6493
6617
926
8895
5367
201
1305
1711
9847
2487
2053
8680
4157
9959
5574
7914
1653
8398
9718
1549
3880
329
744
7157
8730
6429
8531
2460
2874
8818
785
3900
1503
865
5002
3717
6967
2436
8133
6710
9512
5054
4916
3549
7415
2768
9739
8036
1438
6168
9532
5252
188
1922
7052
4517
6540
3068
4728
100
3368
9816
5640
2118
8359
894
8527
8159
6027
5247
6262
3836
1514
7825
2852
3082
8190
7785
719
2358
8146
9145
2431
3974
4928
6092
8052
3940
4291
5364
1609
8198
7073
1322
2732
4710
1723
5394
7249
6124
3447
1359
7770
1332
8646
3631
5151
8956
3683
825
5493
3442
9402
7738
8067
7110
830
5176
7817
7452
8797
8611
397
9383
7064
2923
4043
3143
2944
230
9282
6073
78
7116
4136
4012
4196
9051
8077
5693
1429
5241
4973
3772
6886
131
3594
4752
321
259
8101
7195
4237
375
5375
7675
6148
8015
7741
8939
8899
5900
9016
8058
4390
2767
6800
3933
6159
8403
1941
6528
9659
3018
8629
3548
5471
6185
5180
7536
5468
3024
1563
8438
6701
9038
839
7836
6513
8801
1115
3073
12
6939
950
3306
6431
1560
7087
2122
5869
3352
7221
7932
2489
9749
7100
3640
2227
5344
7103
5626
556
9303
6569
9645
4909
4191
419
2679
3473
352
546
9536
7124
2378
8372
8541
3876
7031
8867
534
1510
5898
976
6877
1045
5346
7460
3479
1476
2441
8444
9868
25
6376
948
6032
4780
4048
2170
7118
2037
1128
5966
6278
6210
4774
935
1465
6912
5225
7247
5712
3308
6024
2126
7329
3209
1744
9017
8229
9156
2216
945
4381
7823
8363
63
6179
5875
9062
8562
2798
2600
1269
3739
4468
7894
4340
6230
6606
7072
9928
2353
5915
8202
210
2081
7420
1760
7726
7790
3313
1494
7754
2224
2933
4022
8614
7662
8907
5290
469
9799
555
9812
5590
9939
4963
6516
4081
3229
5796
6727
3522
7710
347
6858
2814
8127
8845
3583
1782
6948
2553
7713
7935
4674
6963
7682
8677
7676
287
1424
7154
3303
4494
1197
784
2952
4617
2606
8029
6129
73
6575
3775
2919
8012
9250
1093
4530
3461
643
6471
1528
8374
9291
6282
8694
3961
5518
4511
3266
2750
3497
3721
7047
5529
5967
8940
4721
7159
1255
6819
580
3805
6107
6841
7889
9240
3345
7394
7643
6830
5742
9797
3736
1445
6535
3347
1431
9624
6042
4682
2131
5355
5807
3944
2423
4255
5022
1113
4059
3067
972
2583
2629
2447
658
9293
6669
8003
2481
6
5297
3230
5295
3008
5187
8493
2256
4021
23
1997
6793
2298
6898
1974
6887
301
1571
4430
304
7243
886
2281
4516
8951
1064
6960
6538
8938
3987
9086
4084
7580
8375
3477
7588
6165
5811
9126
1275
8119
5939
5717
5279
5504
1799
8704
3095
9528
766
1927
7668
6502
5131
3930
5563
32
9770
1994
2860
6435
6510
6608
4359
6234
4598
1569
5881
1717
7531
8392
9200
9224
7923
5736
3094
6304
3573
5129
2220
8469
680
2180
2142
6976
7806
4872
5101
7349
6788
157
3099
5870
355
5025
7135
8147
8348
2195
4195
3638
565
4453
4572
3822
4133
2925
9102
1810
3487
8150
306
9421
7995
6678
6433
6359
705
5150
348
8923
7469
5743
6248
8621
7677
4815
4627
2994
9170
4103
7184
5819
7922
1529
2978
5050
4443
6547
4408
1647
5047
8620
467
7026
3544
5257
1739
8664
9328
3587
9459
3866
9634
6747
6354
2535
7686
4889
2201
5330
9166
6822
809
7511
3188
8267
6930
5039
3625
6739
8132
5338
453
9021
8273
6246
6321
1460
6420
275
2740
4481
5384
4870
3865
8303
2560
264
5310
9103
480
8406
439
547
1044
6098
1899
5699
9594
1793
7330
4980
7997
7434
3096
5527
4558
967
2332
9957
393
1582
4689
8886
4978
7065
8424
4515
9374
8207
5751
3142
8955
1264
2424
3401
6263
8213
89
8805
6241
7343
5649
713
9418
9478
2375
291
7410
9975
3007
338
5153
4632
6571
288
7217
5911
8557
4508
5362
7061
5454
3716
1613
5424
9523
9080
1051
4952
2709
9444
5031
8081
8017
3788
8118
2858
1598
802
2983
5639
6636
193
8681
2736
9453
4779
1149
6245
6529
7211
835
1057
7773
6372
1831
2859
4793
2325
6480
4687
5163
1747
1518
751
2093
9371
8553
6436
9882
1767
471
2159
3814
4854
3664
5878
6473
5788
7270
9822
723
4509
1290
2249
4035
1483
4723
8626
3840
8889
3036
1426
2747
4659
2515
3370
9857
7755
2506
147
102
360
9626
66
1837
377
9056
5250
2398
7635
8770
6838
7563
1032
3685
500
7200
775
2448
2743
6658
1824
2751
4571
1546
7953
1697
3138
8534
4614
3984
2316
3627
7562
2021
2468
1447
253
9299
2461
4307
1928
8676
7590
7392
4378
3354
5676
742
5460
5147
5635
179
8573
3430
4354
5988
1886
7797
3224
481
7626
4063
4708
9618
6396
8917
4785
7795
850
754
2711
4215
9506
6653
6222
5398
4297
9326
3942
2185
8608
923
9553
9949
9135
1165
4491
9283
8283
7482
506
441
9087
322
327
2534
2685
6404
2259
4640
1257
9489
786
6993
3881
3364
3185
300
2667
1859
9377
4544
3846
3753
5760
4985
2301
4149
3027
7496
2871
5495
7715
2910
2246
2171
2608
5682
428
3553
7833
2223
3985
283
6958
9272
6997
3075
2693
2449
2787
5447
7475
6583
4485
5933
2143
6884
9455
1741
8692
1466
5333
3207
5287
1892
8425
2290
1467
1136
5620
9778
1330
5710
5152
5572
2998
7414
8996
9359
6801
9268
2221
6113
5262
7809
2889
8264
2149
3197
7593
9514
9308
5584
2337
9452
9002
3240
3962
5573
7929
2496
2530
6074
4246
9671
9365
1433
2161
6257
7411
2795
2738
1516
3464
5303
6284
9617
5397
7046
1621
1738
5144
1721
1907
5313
2422
6428
2958
7951
2310
7396
700
4967
4692
4368
9387
3952
9108
1796
8024
1126
4574
7705
9155
3746
466
8942
1573
4152
5261
5510
7202
8082
9490
2727
5474
4953
4860
5632
1450
9530
6860
722
8581
1311
3958
9680
4029
6408
4876
5321
2028
3653
442
9852
2826
2567
4507
2175
3751
5484
2251
816
1033
533
200
1871
2444
1866
9244
1177
6021
8042
7991
3505
2000
7310
4002
7672
4271
4893
9009
6057
6412
9136
577
7279
6318
7973
9678
1101
9805
3124
4069
3616
2941
6426
554
2974
8524
1245
4805
9174
5637
315
806
2386
5871
7418
59
9228
7569
3855
8868
5139
8780
9867
6706
3499
4054
1427
8250
7055
3060
5169
4429
4542
1675
7456
2112
9930
9004
116
1272
56
9205
2866
1375
14
7382
8461
7640
4161
2163
1482
4691
8855
6638
9226
3310
5386
9154
2788
2206
7178
4461
9404
4376
