493
449
422
274
566
457
818
299
658
391
145
551
34
590
332
739
512
698
785
1
33
729
819
687
458
500
111
327
977
943
136
665
173
667
271
990
513
472
201
398
873
376
897
686
850
924
646
510
172
674
952
652
853
460
815
247
203
535
959
178
238
471
446
210
7
394
894
107
298
196
75
892
419
342
462
732
475
163
490
575
677
554
346
198
798
176
583
984
762
300
237
516
896
904
854
679
264
347
165
484
666
773
483
91
740
211
893
796
39
653
402
812
507
96
434
592
304
958
693
651
361
624
372
495
442
349
999
838
52
401
523
518
64
567
431
433
181
529
251
615
998
559
494
23
528
41
388
774
881
148
589
403
752
675
215
106
118
780
828
268
464
521
423
684
58
571
981
944
187
807
726
12
189
194
409
60
880
400
790
531
18
915
405
255
544
108
607
121
534
986
708
859
385
325
690
948
293
149
876
569
596
232
511
760
47
705
974
768
623
109
125
661
577
672
610
716
482
288
95
585
8
341
345
563
276
308
837
933
502
562
682
16
249
71
911
439
177
923
608
476
720
351
258
604
404
162
160
946
656
1000
849
606
115
689
448
245
208
588
497
910
416
630
578
20
104
765
50
816
895
373
874
129
722
858
364
747
312
336
266
369
749
411
205
363
605
99
524
862
972
311
833
508
973
253
631
257
792
644
415
314
628
68
748
979
142
265
635
441
359
848
456
368
337
498
93
601
32
452
737
73
408
420
17
80
995
699
430
377
823
56
545
231
79
230
282
669
399
947
786
339
980
725
842
223
117
63
814
227
983
636
396
783
275
831
197
694
454
573
875
700
90
538
244
673
738
348
233
389
649
803
11
62
872
321
618
246
151
133
413
903
598
122
926
526
140
730
835
134
138
723
655
412
228
366
836
643
112
539
286
619
76
301
386
35
292
931
717
474
906
303
527
745
832
38
87
157
406
710
248
922
556
392
82
222
186
226
599
202
195
826
706
88
920
581
825
152
26
84
367
424
744
432
841
259
754
429
51
857
360
676
921
113
120
353
702
239
671
450
479
811
867
315
130
988
67
869
565
30
350
273
617
164
393
65
639
642
492
560
141
547
45
179
633
830
212
750
119
522
155
279
525
987
159
759
620
478
728
927
985
856
438
435
751
951
543
216
317
169
468
89
845
354
871
436
466
61
54
877
899
480
989
426
839
640
681
820
105
66
193
714
103
801
778
576
584
29
48
94
42
537
882
781
600
371
713
451
25
595
548
102
813
154
15
844
553
114
613
727
901
970
756
147
691
440
704
180
284
908
695
568
668
612
263
555
530
937
310
501
418
21
935
808
758
546
158
761
331
822
621
731
806
776
515
3
902
755
27
851
225
256
940
918
333
591
536
488
779
318
787
955
994
236
124
542
829
709
375
135
123
287
285
199
549
313
190
167
614
37
721
83
579
718
650
378
78
594
170
447
139
764
463
932
127
269
262
470
616
234
116
131
153
821
192
517
930
766
888
782
100
150
865
390
355
174
171
793
564
800
137
326
570
10
455
670
132
335
954
884
384
219
532
645
443
914
453
220
340
791
852
465
794
916
477
382
229
805
59
925
997
19
550
715
648
586
191
603
863
809
968
996
660
240
322
374
43
499
97
962
166
69
272
772
2
40
957
540
680
597
574
938
864
305
509
802
978
632
593
365
144
963
323
743
4
200
182
188
580
685
975
992
207
156
481
24
425
767
520
991
428
13
316
784
92
437
330
209
445
736
662
967
697
175
919
14
746
261
319
626
753
217
692
960
101
870
866
380
358
146
966
362
742
250
283
949
795
277
224
941
688
561
242
395
868
53
929
254
533
769
846
905
338
204
879
295
44
184
887
961
161
647
707
55
696
290
657
840
486
281
70
843
942
734
683
504
964
541
9
953
890
558
817
206
928
214
110
789
993
757
489
861
827
407
834
552
917
309
770
379
85
724
370
900
6
241
218
514
383
976
467
459
557
889
637
421
956
352
81
334
965
267
296
788
36
77
891
469
969
356
280
934
485
126
886
804
678
641
22
235
735
654
414
243
427
982
291
609
898
701
289
213
28
909
799
741
417
611
473
381
344
824
307
329
294
72
572
491
519
777
320
168
945
860
444
936
252
883
629
306
664
343
582
878
270
719
57
410
847
912
302
487
712
634
622
328
711
810
397
49
939
278
855
185
98
659
297
950
763
797
221
885
907
74
496
627
913
971
775
324
733
461
503
260
357
625
128
46
602
31
387
771
506
505
183
703
86
5
587
638
663
143
