8848
11857
422
6483
7805
3162
13979
4450
9731
10068
6576
2492
6411
3189
4567
11205
10947
9428
7681
8131
14103
4529
8969
13761
7853
12479
2490
8507
14650
14193
6332
6191
173
5817
8045
5785
10626
10175
6594
10982
2486
1710
14820
4028
7297
9993
2471
9163
14201
5470
5919
13810
8619
5814
815
3205
11450
8682
7931
10698
7010
4145
13076
5688
14698
4166
10550
5453
12890
13365
7092
8152
8618
6123
4510
14514
2273
9040
6729
6767
3803
2234
6982
13669
10509
8819
3528
984
6641
7812
10149
1900
7129
2430
6052
679
4881
5509
165
8464
13000
5410
2779
91
11017
7478
2915
1283
14014
9602
3424
8340
7709
10030
14334
12794
1134
12747
693
5601
3101
5317
372
11819
3994
3202
9348
6368
6081
8259
2850
4073
7218
7224
431
433
181
9029
5830
7057
1948
13154
4218
2832
3639
11542
8123
5023
11263
14190
4664
9703
1276
4884
14203
6891
8755
780
10367
14275
14558
3041
14311
13959
11609
8395
13928
12402
7971
5216
1602
1041
13281
7494
6856
2377
1396
10224
12497
13894
10829
4219
12791
12297
9257
11920
4513
8135
9035
7706
13238
7109
4528
4775
6878
13682
2541
8279
13332
10617
9324
5066
7857
4328
47
14076
9132
10775
5329
6713
7334
6965
14374
9912
6194
14371
8488
13524
8054
6357
12837
7013
13187
7423
13696
3756
3538
8781
11324
14888
4725
16
11236
71
13550
9491
1581
8759
7342
9837
720
13693
12331
5789
9698
7512
11039
11971
9830
3315
3771
3646
11106
9705
11190
9926
4837
14084
497
14277
9182
3426
3506
20
7245
10715
1178
10973
8743
5214
14614
13536
10427
4599
1888
1521
14782
10826
7406
1950
749
12193
12163
10315
5154
5472
3929
2272
3127
3600
13185
12045
14078
9668
14538
3695
1484
9189
9333
12796
10088
12628
6046
14579
11470
14176
13734
2791
5631
8004
456
368
337
7876
6389
13240
5201
12303
13609
5042
7945
420
7950
4609
995
7543
9876
13736
8834
2615
6274
7916
6746
14616
14187
3674
9606
1766
5135
339
13667
725
1289
11156
1181
11823
3856
7948
10739
10881
2265
8176
5431
12427
3937
12993
11997
10261
10144
12857
4841
2876
7818
12550
1472
1059
8698
7454
6643
5991
4925
12510
2614
11742
11879
246
151
10905
8429
1552
7690
10438
10118
8810
6406
4383
7097
13030
13823
5883
4060
9729
1695
5477
2020
14839
5140
5548
11478
1215
14436
11048
7597
5985
3914
5728
11545
10232
7638
12338
13199
745
5253
8049
10446
11931
13434
13720
8974
922
9978
13307
1553
8643
4428
13408
14381
3650
13287
10685
13767
14811
2074
1663
14477
7614
9217
11167
13580
13934
6561
5546
6195
1346
6494
13047
6629
6276
12789
14409
8631
5429
8768
8265
10499
13222
12421
5211
14694
4329
5235
10085
11294
1287
11829
4729
9399
2109
13760
9138
8695
5404
6462
10467
5704
12599
13165
14964
14996
3568
12534
13857
1536
8989
3431
7331
9869
5385
11112
11792
1716
10305
1180
8772
7654
6992
2483
9003
3888
14968
6087
12137
4189
8422
8641
11745
7908
10034
11740
10558
5691
10538
5319
9751
2116
61
14422
2829
3010
5000
3223
10964
14982
10846
13249
1694
2610
11353
9267
11738
14189
10974
2773
9337
5864
14121
2355
8026
5656
13254
12242
12258
10007
1982
1163
4959
10282
2896
7813
2596
4217
12084
9077
5188
4433
6370
3388
2845
10705
4479
5615
3239
11362
7302
13921
10734
1734
11064
12720
11490
9219
612
4239
13868
4302
13801
7803
12856
7749
13535
4013
8914
2305
14749
2299
4844
5426
12859
4553
5088
4892
9944
3692
12170
8122
14241
9686
8799
8767
11962
13289
11327
14366
11114
5895
14974
7996
5820
7742
2887
12919
11681
13653
6367
9566
11078
6972
8412
11101
6037
11695
12951
14873
12781
1321
13331
3523
14794
4685
5314
9643
6566
1157
14929
6300
2872
13654
3801
8038
13039
11191
10887
11548
12286
7877
5212
2538
8240
14119
8673
14864
821
6140
14855
9092
13710
2741
2519
4097
5588
13324
13727
9391
10385
4477
4522
8161
11304
137
13014
9405
7529
10258
14630
132
12631
14662
8598
8961
9078
14341
12815
7844
8869
7345
1080
11985
1939
6977
11810
13285
7788
14156
11719
2563
7962
9934
7556
9256
13973
8083
7758
12044
14188
9260
13346
11535
12681
968
7187
3588
240
10179
7939
2755
499
13321
13765
166
69
9370
9871
13358
12405
1795
3590
11306
13463
4608
3534
5511
12668
8941
9568
4824
11950
5168
14540
5136
10194
2868
13533
1880
2548
6305
4856
7901
14758
12059
14328
10326
12700
8354
8636
13149
13916
9672
14073
2237
7526
10958
4118
2374
14017
13477
3860
8667
12512
6827
11335
1007
9310
11501
7841
9757
14476
14282
8813
7043
3807
3460
3358
14689
10431
2453
14440
14072
12950
13333
4576
9679
1791
13430
6565
4227
11809
8110
10613
10794
13940
9352
9655
11311
11661
1301
4107
4984
2411
10083
12467
10110
13482
13352
8172
44
14391
12201
6334
161
7493
5514
2617
5950
12419
657
840
6383
9113
4495
12953
10197
8570
12465
3204
13695
541
9629
9755
9499
13480
7058
10913
6188
1221
10310
14798
8039
8962
489
14970
6592
5576
12855
14541
7311
7868
7257
7535
5754
4264
2277
11138
13107
9892
1440
10604
3006
10311
5568
12378
557
11756
12025
6831
13469
3619
1222
334
2231
2166
12373
6748
10970
2578
14932
3063
11479
356
13683
7106
4842
9378
6885
3469
1343
8693
14067
7941
10961
5591
14001
243
12441
13807
3173
9312
8066
14773
8014
8435
10547
1055
7839
4935
5752
6121
13711
6665
8299
824
10029
8894
14890
2103
5285
7666
519
4137
10568
168
13262
2048
9020
9813
4961
9786
2527
6867
11906
343
6871
10391
270
10236
11162
13497
6202
11155
1709
12344
8740
12228
13774
11693
9966
14879
5044
7860
14590
13965
9277
10214
4225
14565
9688
1587
9292
6206
13073
14012
1967
11259
12316
8368
4792
13431
6698
324
9943
13184
4753
8670
6580
9072
6923
12281
1718
12559
7944
13600
14942
9380
14878
5718
14941
12798
7209
5552
663
6375
13585
9754
918
6519
11861
8061
12140
9980
12803
1874
12545
2350
12709
7066
8302
10416
14965
2869
6218
14748
14061
11777
3675
14741
10670
8203
6735
11012
7891
6709
12818
473
11318
1247
379
13275
3332
14202
454
8326
13519
6696
10440
12617
12440
3210
13851
7691
3917
2516
2761
10267
11996
14587
909
9117
7375
2805
5630
1644
2824
1894
14586
665
9130
14649
880
14300
13157
2754
13670
2546
14139
1902
3174
7303
12065
10286
14655
2286
13134
404
740
4867
3691
6077
6115
6811
7847
11497
22
13383
4341
2502
9346
10447
5074
870
1940
6862
3713
13741
1274
12239
13025
10820
13523
265
13143
14808
10130
12582
4411
10143
12312
12644
11735
1645
13684
13745
12689
6847
9457
13797
9800
7850
11706
5256
6700
1205
3440
12014
969
6117
11133
10443
6989
9227
5299
2384
14704
9995
6290
9300
1013
1822
10065
14651
2577
9470
12726
12431
11654
9896
12070
2564
14700
10172
5473
1110
4342
3642
10545
12158
8798
1764
11658
8192
3524
5270
1399
10968
13135
8451
3508
690
14250
5791
666
1973
3970
4942
4000
9066
6064
14891
14330
5934
9486
3892
1692
581
7547
2843
2917
4807
3433
692
12591
3603
7617
6214
9513
3338
10539
12006
14373
12507
5248
3543
9592
1270
2465
660
12393
11967
3113
4253
11119
3411
4535
6936
2644
14978
10683
12311
14265
12341
10844
14356
9742
2248
2329
12442
11669
12728
3609
6552
14339
9390
8484
2988
6888
9697
12377
14482
11021
5237
4474
11964
5229
12410
6782
6933
12766
11602
548
7928
11999
5669
4940
729
8201
8590
2343
11441
12999
9737
9153
14688
1801
8236
9435
14589
13675
4533
8293
14299
5964
9952
3560
6621
8380
9376
8593
13294
14161
9238
842
10512
2034
14911
14171
6223
6607
6952
7348
14814
14926
3711
13983
13488
14059
9340
10789
13573
2117
498
14063
1630
2210
14112
5203
311
11813
12446
6151
6646
8106
12324
6725
13986
6093
8102
9067
3283
12712
9179
7787
11643
7229
8055
14205
11957
2857
2214
389
8508
11055
8057
3291
11222
4066
14661
5308
2137
1210
9785
12589
12894
11185
258
14821
11826
14566
11727
9567
5067
7240
12368
4351
1048
6407
3160
7336
3677
7254
5755
7890
14826
9258
8832
3258
12387
4361
11313
13754
2125
10805
11629
12225
13387
9762
13661
13083
8563
13882
1875
1001
4301
7241
13599
12930
8390
7005
1067
9814
13804
6006
11024
293
2588
12985
14682
7169
14733
236
14271
7637
13341
11890
4859
9400
7391
8442
4446
5732
4004
11537
12958
2771
7520
1659
3934
5741
9970
12261
7698
1162
2834
6096
646
12578
4621
3451
7306
13081
11369
13087
12936
7294
3017
4316
2450
8234
11637
588
12989
7080
538
653
388
8920
1798
14297
3494
1185
1962
13874
6944
8345
1618
7575
13755
11489
8699
4212
8904
9011
381
11605
13423
5541
5531
7697
1229
8093
14620
10998
6089
10948
2262
9469
13914
6110
14359
8737
9043
7759
949
8549
11804
9556
150
14958
4419
13730
5916
9044
2701
9608
13518
13102
14574
6623
12151
13261
7725
14027
4711
10211
13548
11073
14610
3468
13724
6593
10387
5802
13122
14451
14335
7437
6935
861
9696
3854
5196
10103
12921
3779
11509
7513
1906
6906
5325
1021
6874
7659
10341
3572
6505
10063
1815
8892
7139
9998
9706
5275
8277
7387
14989
6591
9334
12710
1453
10012
3975
13501
13722
10481
6285
14716
4187
336
7299
2651
6808
12365
11645
14850
7484
3731
11225
10798
13295
8455
14388
11477
4695
8793
13032
14847
11057
12604
9287
14091
10507
5085
13596
5300
14986
8385
7030
11955
2913
4198
563
6476
7366
12026
12823
7233
11165
4006
4678
8388
5121
12077
3287
9039
5980
12771
3899
10244
2802
11765
6766
2837
9396
7490
5600
7477
12186
7555
1273
9961
14398
5433
5815
6254
11366
10223
8766
11405
9031
14887
7105
12684
14943
10097
671
9
1667
13234
5845
8929
14707
3939
3620
358
14660
217
7277
10886
12895
3093
12375
4514
14336
3798
11781
10222
3647
578
5192
14777
13576
6839
8494
14148
2612
902
13859
8702
4326
4886
9159
2203
7558
670
14425
6520
14804
11576
14544
2647
1449
2863
1759
14032
7172
14378
4950
11778
13545
3580
7104
661
12350
14235
7461
13258
12339
2052
13106
11972
3796
14866
12552
3628
13831
3980
4656
9663
525
10750
6624
261
5533
3192
11720
14627
14385
6331
13781
2762
11145
8383
14629
6490
6649
4093
5498
12527
9783
5033
7993
7849
4241
5071
12841
9766
13244
8239
14592
13512
10150
737
2288
11323
3531
8311
4839
9730
11592
993
7074
11978
3290
6455
452
13223
7838
4266
5190
13944
2572
9511
1502
6319
9450
14903
6225
6857
2193
6953
1562
7405
11069
13048
12127
2635
8481
14006
924
8125
558
12203
14542
14582
13084
5884
9367
1726
5914
13372
13597
4402
7170
4339
14718
12956
12874
10055
3812
11880
5727
13903
2820
5392
3570
7525
5324
9651
8378
14635
3931
13893
13445
5999
13561
4344
14260
7457
14219
14499
8554
9638
2098
10758
14981
6313
1541
11625
8547
4965
5762
9821
7583
4527
929
11282
3021
10133
12998
10228
8490
14730
11348
2495
10394
5534
4276
5958
552
13342
9216
7646
479
11066
10478
5861
10696
8763
11611
11843
14546
10084
8094
1202
14603
13396
1642
5932
8706
4619
6807
1233
4201
3614
7400
10368
9999
13108
6810
13419
8011
9018
8511
11610
2536
11343
13299
5515
5181
4680
12690
10406
13929
9025
1887
13041
10976
14568
14925
5837
1300
14350
8241
2158
899
14875
11911
14885
13966
9616
4966
860
3715
7602
10471
6137
14719
9620
12753
13595
10609
3234
14604
2702
2356
5557
10051
14876
7589
3996
5254
3361
12196
13274
3236
10405
10934
774
11449
1977
9911
11075
8430
5854
14572
5662
5289
4153
1652
5769
5415
2728
4139
5436
10356
10699
9198
292
12256
4220
7912
3926
4555
14644
14068
7873
4883
3020
9942
2019
4589
2975
10346
2454
6821
9895
3351
11361
6019
3057
1386
9702
11922
13726
6932
5974
8622
1459
5739
13186
6546
9500
4912
12523
14687
12362
10949
3990
913
14935
12770
12787
1863
9509
13191
14306
14465
6522
11258
5962
9537
5309
10340
10917
12727
11840
9932
9769
13487
13023
3529
9963
13251
8856
65
12870
1838
11782
8371
4556
6035
877
5195
3105
7549
11005
11773
5538
10095
7253
9517
3195
11472
12477
6557
172
13621
8513
6130
14912
11063
527
14598
14230
5146
7076
3132
13046
9641
8865
12198
14846
10937
13104
9687
4565
6619
13090
13306
4694
2666
12926
1050
3051
13605
4299
6183
7231
4288
3533
10853
13114
12625
349
6744
6639
6405
11908
6258
5516
3956
13350
12922
2085
3070
13592
1331
7743
9520
14663
11277
12869
1208
410
3828
14038
8675
6066
5838
622
13689
12013
11523
1122
7008
8171
14225
7915
13280
4072
10492
4380
12773
2838
8745
13405
3307
9534
1462
4436
7269
2385
8164
12168
3532
7204
875
9605
9888
11349
443
1490
6975
12491
4038
2334
11350
8090
9873
14817
1577
14028
3118
10746
13483
5207
2403
11556
11875
14438
1983
13043
3582
746
5041
11679
5702
10559
13611
1944
6627
5667
1230
2029
13425
4392
4480
260
13312
14035
14108
10953
2720
1358
13532
14528
9070
6079
7608
413
182
11001
9763
13017
2082
10966
13662
13692
1225
14375
9279
4997
10579
5204
11866
11888
2267
5335
795
2681
5758
12551
14082
3818
3212
9924
9745
11094
7518
8744
11280
11938
14458
1391
14771
6818
7095
9808
108
9760
12262
13516
13884
4222
457
9263
13220
2257
2648
2509
6296
4745
3834
10744
237
5561
2145
13980
8916
7852
6432
14332
9781
15
3072
7324
14668
7479
9330
12057
13528
14305
7990
9798
3869
1713
8872
10612
4230
370
9305
10762
4561
8445
11904
5208
3165
2823
10361
3656
10861
1637
11374
2830
3340
1074
5787
5858
5416
13406
10342
9647
8879
7481
2929
2931
4701
12202
14526
12979
12272
5892
1727
8827
1929
6964
3080
409
6244
6487
10598
402
14585
5069
14907
9950
11053
11139
1566
2222
9732
9026
9171
1825
14766
8600
2404
12096
5081
3416
13821
10577
4714
11928
2742
4024
4293
13124
1628
7856
9972
14497
156
11641
13303
1584
14747
4223
4321
10556
14053
1018
1402
1601
1479
5555
427
4943
4262
1813
12686
10147
4894
8258
5463
11175
92
1390
2594
13233
12624
3071
10021
13196
10931
4587
12579
10644
13698
13337
6343
194
7244
12537
13100
1487
10536
2086
1326
14539
6736
14214
2134
1576
2420
10045
7398
14095
417
8266
576
8186
2030
7251
5835
10885
13636
12349
9409
964
13993
10619
12656
10370
7036
2244
3971
14169
7553
5024
5038
9793
6734
3149
12177
13640
10152
496
6796
10752
8840
9355
13049
2044
985
11570
11045
7335
2986
1834
8739
2405
6156
8
2780
8747
14550
12185
4755
12439
1626
2927
6687
13362
13590
11502
8829
13335
3062
10681
7255
2729
9832
3517
9083
13129
3574
11586
3013
4236
5251
11352
8128
5331
4033
2854
13676
8153
11970
6268
82
11594
9519
6106
9865
8216
8162
1735
2232
10502
6424
14077
5675
12328
882
12456
8286
4593
9653
13816
14099
6273
14836
6203
9295
3033
229
12881
13004
14709
3521
14680
11188
5993
6750
535
9089
12864
13371
13415
10035
1056
5665
11008
7653
11141
3133
10381
1317
7880
3476
9777
6044
3809
12733
9956
9675
6683
10288
7119
9908
9137
8289
4526
917
13906
7286
4911
5525
14728
4194
602
6458
2477
7138
4083
2602
11607
5587
14957
6882
4790
8112
7982
10136
4312
7661
6586
544
7843
8278
345
1826
2099
5844
4199
12788
2908
12898
7567
11724
11714
9476
9106
12997
9134
8330
9921
12321
14500
10485
10279
1678
351
8219
12772
11868
4800
14775
7919
14069
10935
10104
12711
6626
5448
14243
5419
13618
13136
9336
1405
13168
1877
12009
11884
5920
13061
8064
9758
434
9014
1428
7568
10289
4758
5949
12652
2230
5316
10605
1787
14780
8091
8978
3331
8520
197
103
10125
12703
3420
14135
12939
7474
3696
7989
4364
1595
101
216
6434
12061
14532
13301
14776
7162
12800
8950
14774
5238
8491
8078
13450
8689
4023
14445
1882
10264
13586
5269
10483
1119
1036
3147
10963
7917
1090
495
164
12540
10803
14180
12180
289
2753
13132
3120
5162
8898
13242
8459
4564
10957
2678
7502
14634
7123
3890
10156
9424
13659
4836
11426
4922
4657
3467
4449
9646
11399
12701
6806
14070
8163
12150
4031
6158
3503
13508
7791
3271
14781
5391
12292
11215
5764
5554
3658
14220
9345
4947
8613
11022
5107
9140
6176
5776
12247
374
13567
7907
11440
11500
12671
7486
13066
10528
14464
215
14317
3826
1756
12353
13202
105
12346
14008
1336
14382
7291
13581
6518
11303
8717
9471
8280
7476
6921
12907
8588
12112
13822
9722
9664
4042
14151
11852
11846
12128
7107
11328
14402
14062
10301
12514
10979
11113
14210
3083
7826
14304
70
5886
5456
1212
1480
415
4140
2027
12209
9914
5292
8235
13853
2628
14954
13571
4352
6757
11261
5273
10993
12335
3321
8790
2135
5337
12920
11503
10849
14427
9247
13447
3652
9307
7708
10024
630
920
5193
12899
14899
9304
13276
196
717
13729
12287
9175
2853
12975
12265
523
9878
5486
10634
4014
1757
13559
878
829
6500
1655
2045
2550
4557
1046
6671
14576
2062
2132
67
218
10594
10041
3624
4057
2406
9599
8861
2284
8109
5133
5376
7127
2811
7671
13680
4902
13686
6189
2557
6465
4932
9597
1303
5478
2554
4067
3774
2672
2964
8936
7322
9807
6899
8428
6164
14204
1972
5565
3823
1211
7196
2556
8187
3686
7745
11979
7552
1250
12037
14143
2054
12978
13315
5452
8532
120
11961
3100
139
2882
3091
1690
1124
14834
9691
5467
1094
10988
152
11377
4350
5695
4712
9214
13402
8402
6578
8059
14453
13951
14936
4151
4661
13452
3484
11623
4802
14298
3397
12683
2938
10028
9929
6008
6196
3360
450
2433
2977
961
14327
12386
4641
11798
1435
14105
12412
1843
2625
7133
14158
11663
2318
8630
9429
11754
13491
13088
424
8063
10199
4649
3112
1244
9294
3029
8957
8284
10220
5482
14740
12012
2722
2115
11941
6277
2380
5077
8365
5082
13171
1367
11554
6068
3199
9274
4653
38
6564
6828
12826
274
8561
11475
767
7772
8652
9139
12816
8031
12849
5093
9207
12729
1538
1555
14074
4036
8764
8860
8719
13105
9548
13975
2209
4110
2785
601
13253
2937
206
12654
11262
3455
405
6534
4232
257
8492
4919
14279
7125
4001
7629
440
14757
778
2749
7670
13384
5698
3000
2282
2370
2058
8436
14370
9212
13368
4362
7584
277
8262
7039
7151
14110
8227
9699
2012
6845
2981
1383
9917
11640
3231
4388
8876
13428
4955
9493
14011
10882
12707
2912
10398
14611
14507
13953
12372
9001
10962
3838
8785
4465
5089
1963
9707
5064
4660
11227
12532
14914
597
8650
8988
13248
14212
13164
6539
7732
846
1817
7592
1720
302
1232
14079
5164
11083
4897
4810
2032
9750
2764
12740
5983
13173
423
5205
6347
6127
12571
5930
8141
10892
4221
6999
11946
438
14960
5772
5823
9902
8688
3815
1291
7694
564
11762
1572
460
7246
10716
1377
4778
1666
14863
3539
8633
12277
8489
1561
7262
2438
3882
1114
10883
8297
590
2513
1841
4869
7577
77
5666
9818
10500
1788
12042
716
7003
2091
10114
14272
3500
7338
461
6251
7599
2505
11465
5327
10543
10293
10140
13521
6765
11341
9498
13935
6703
7376
14975
5867
361
14677
3069
8773
7882
6661
11011
7904
6075
8393
13265
12249
5524
14319
12505
42
5578
10832
6394
10721
6382
4280
12913
4234
8104
6609
11010
6702
10453
9619
10202
2737
7078
11125
12230
1314
10807
3612
12609
11137
5908
11358
9248
12302
11636
9579
1214
2067
362
6344
4818
9053
7263
4998
8129
12775
11013
13628
14621
14506
13806
11240
6380
12347
5618
10548
7190
4936
6951
8997
1531
1298
2757
11682
3564
13410
6058
14977
9997
4650
13939
13869
7913
7276
8831
10208
4053
13389
7537
7042
3247
6809
12104
14287
4934
4730
12714
1591
14185
7395
1078
7886
1451
8560
3380
13685
13542
4050
7462
6051
13933
13998
6983
5076
6275
6453
14535
4113
2774
8195
14111
3841
6673
3738
6913
13377
13803
12680
12283
7149
14995
14678
10898
4452
9844
11422
4545
12464
5343
2781
3922
1120
5220
4334
6154
6489
5889
14693
4580
8571
5435
8654
13721
6910
13484
13085
14269
7284
4829
827
11342
14938
11491
8973
11700
11379
3250
5267
1858
2009
10630
5747
9539
14822
12884
13885
4977
11444
12470
14460
6560
1422
10169
8982
6918
9925
3407
6457
3792
4658
5553
794
14648
9243
186
3635
10124
3489
13067
9195
4552
11234
14231
13709
12562
6525
212
13679
1166
5961
2376
8905
3413
4970
8370
7201
2851
11988
7174
14128
7740
6059
12779
2573
3684
14561
7524
1921
7519
12454
11954
11207
11283
3425
14429
9872
5283
11154
4783
1806
451
10933
4559
13861
3427
9432
11891
6742
11877
84
5990
7782
776
8037
464
7816
9922
5119
4327
9601
8943
5633
10219
974
12018
14406
12515
8287
3337
6169
6612
5924
620
1278
9164
247
4287
14083
9193
6029
6328
5922
1419
2726
5652
5894
11837
14504
2934
10235
12284
2306
3915
14351
12110
863
4490
5849
5745
12928
9904
8544
12050
8587
3526
4272
14056
13923
7961
7522
13395
4610
13437
5507
12280
3356
2162
3816
5274
8912
12087
3566
8792
7992
3322
11644
12911
10026
3066
7631
4907
10414
2847
3284
13056
14407
3923
12642
13748
5813
1085
3472
9162
14122
12697
7445
104
763
9148
5034
6610
475
13302
9128
8386
2806
12547
14619
11811
6492
14524
1172
5840
12657
2808
13055
1783
3454
13891
5906
3482
11417
5396
11373
1393
5822
575
12015
14474
14233
1095
8501
9557
11387
14557
10923
7633
8070
3190
13467
382
14259
10772
11493
5986
74
4566
11435
9507
4776
8418
3076
2033
591
4677
3374
3355
7325
3853
7165
1219
13478
9981
7984
11147
6026
14009
8447
3097
5255
9864
7786
2276
13799
2973
9863
10399
13911
2862
5199
916
609
12355
6133
2508
12211
6261
14264
190
1912
5634
12191
13344
9188
7521
14857
7779
7403
14168
1400
13320
9146
3552
13952
14916
12382
1349
11639
5653
4183
1949
2178
12669
8389
9105
6153
14354
14813
6291
11289
14162
5643
12871
1081
10771
5694
13837
6595
13715
6062
8462
12574
10225
4240
142
8269
1654
1639
2539
4037
9859
10404
9988
13456
9541
11796
2993
5825
4699
11110
8913
7175
13899
13574
10952
11621
3235
113
9187
458
13858
13183
2075
10787
11037
407
369
6082
12618
7752
12569
13562
8727
1123
2611
13739
8228
12880
6053
8994
4855
11699
12509
14711
8893
10578
14179
11447
12216
5831
3264
13098
13794
6142
3622
13441
11998
10554
12761
1965
14263
12345
9987
7874
14735
6004
14057
12036
5827
8873
1148
11370
7864
10759
13856
10304
5105
1715
9000
14432
7179
8272
6581
7771
9662
7723
3557
2202
10541
13579
14347
13625
3903
5671
11763
5780
12028
13651
11789
8948
10253
9550
1066
9948
3465
11065
3857
7102
9607
2504
11132
250
10633
1016
14315
3730
7458
12149
9685
11371
13970
762
2345
8653
8178
8043
9521
1657
10153
13137
6475
9860
10751
3385
11184
6663
13764
3273
8984
8791
1457
8900
10271
177
49
209
2899
13842
6820
13420
10318
12243
5379
5638
14788
14411
2995
11290
9115
7388
2127
8887
13961
13381
9121
3784
8812
14927
1987
3341
7897
11505
12348
1341
12685
9692
1361
11553
7500
14816
9357
5923
1770
10793
1622
14835
6618
804
14184
10665
12450
10902
12273
5475
11228
13110
675
9064
8013
10510
10857
4590
11056
9042
7832
7053
1559
9581
13607
9473
13981
12134
9259
3613
524
13716
7070
4175
163
6556
1381
8937
6362
12120
4192
14285
2177
11991
4505
4536
2565
805
7164
5159
4630
9403
11230
1366
10057
2077
11018
6758
1371
4438
5166
11202
672
3800
3789
14081
5306
6834
10200
8551
7848
5479
1102
11040
2236
5978
8738
5053
6069
14667
1878
4910
11984
2725
808
5761
14902
1413
14874
10791
11973
12433
685
2813
9131
14522
8005
12098
3158
3787
1661
7491
8638
11182
5685
10358
12404
4719
1600
13943
6738
7578
9881
3758
10302
12068
6043
11016
5953
8850
3680
7651
12407
704
1312
12067
5420
178
10401
9545
14192
4208
9144
14683
6773
1665
10956
5312
11784
6040
1786
1970
1658
4417
13427
7665
11006
2775
7722
10921
5595
3699
13112
2197
6567
1505
13924
4366
14450
8536
4051
4784
1398
5583
448
9254
128
678
7946
2549
12665
3785
2061
7367
518
12696
4540
6324
9735
6553
13250
2239
13772
10562
5839
702
8475
7386
539
6356
6545
6777
7093
13635
11977
3154
13520
12219
1109
2520
12200
5062
2879
4460
8000
14096
2452
3813
4275
18
13210
1814
4681
14276
9005
10347
9724
414
12480
9824
5582
14337
10452
12132
7146
12586
6570
7265
623
12005
6550
3015
254
3161
3078
5909
3709
1580
4400
7506
2926
9057
14746
6016
11662
8705
1461
8006
4722
2106
11660
14270
12143
9280
13077
9147
4442
8025
2670
3359
303
10218
13029
6876
3175
3182
11980
13201
10189
12910
11367
13009
11707
9516
7647
1015
4726
6795
4017
3910
8500
5544
13619
2957
2637
75
14721
628
13863
244
9497
8935
4548
3110
6204
6279
10285
8555
1557
10701
10314
14052
10658
6908
5268
3879
3623
12943
4750
3463
12367
13260
9840
13268
470
654
8021
13994
3697
3483
13096
14657
6377
13318
4874
3782
12721
8816
9401
10561
10573
6670
1397
14947
13094
3159
11787
4767
5664
10484
4957
5060
7242
662
1999
493
2861
747
9683
8833
10754
4040
9015
12664
7183
13848
9826
13968
3754
1876
14543
9884
11
7122
1470
724
8825
6603
3581
9237
1754
3655
7468
36
3498
14273
5948
9744
1238
6280
5707
12241
6070
12469
10722
8669
2828
9630
4654
7600
1852
426
5579
10160
4146
10263
9356
12055
2144
3821
11296
6322
14064
7192
11052
12957
13443
13915
11533
5677
9323
10161
512
1848
10748
5530
13818
4214
8559
9180
5215
7566
12038
8735
14768
307
906
5526
494
4655
10053
10402
8930
11751
8479
7225
10760
6676
11486
8703
9576
13363
445
970
3669
13170
3649
503
7767
13732
12944
4357
2072
1425
12810
14669
7664
5109
4333
6311
8048
5829
5459
14153
7301
10105
5492
2595
13706
12863
914
4056
14825
7879
13063
987
7657
3226
4470
12558
6843
3831
6517
12829
9666
10640
12381
10930
3565
199
1068
8775
8821
9048
7753
1524
6969
12935
4612
11464
8498
13245
11407
4395
8314
10329
7033
2960
1486
12563
14534
9831
11372
12667
2139
13908
4009
11203
7792
13349
7212
6991
10082
9759
2660
731
4071
12987
7601
3419
684
11103
2101
9393
11409
11124
11159
8975
10468
6756
10865
13310
9127
12167
8263
276
8309
52
3516
11850
5604
3267
7499
5242
9565
1035
5183
1752
8862
4597
8495
12169
9079
1161
2739
13957
378
14010
12521
1955
8431
13902
13429
14859
7728
13876
10623
4873
171
8537
5304
755
6269
14172
13690
4080
5026
10910
10866
3979
5897
5794
1241
1646
4147
9879
1072
6049
5655
11260
12226
6385
10262
7435
8523
7545
14413
3632
5647
4162
8977
14290
14389
8332
10255
11953
6283
6852
5118
8830
814
13624
4981
11351
5824
3679
8927
3698
11807
10437
4475
4245
10524
7765
3381
14462
3116
8071
944
11420
3456
10075
4848
6232
3708
4281
13812
4335
6400
484
2893
7780
11510
2342
9141
5987
4369
1672
10767
4092
9091
13989
12971
4434
11670
449
14764
6369
4806
5642
14554
10060
12257
9028
271
8528
900
8044
3216
12408
3261
7378
14463
5185
13351
13007
13620
13949
10687
2529
4374
8323
5458
5865
13002
14329
3443
7351
13439
14238
11800
8859
13174
4444
10165
86
6186
13591
14838
5989
1924
13256
509
13218
2999
14132
6470
1889
272
9161
10296
11736
7252
3262
2205
13788
2835
8483
14602
3682
2969
8007
9022
7875
225
11936
3141
11390
11459
7429
9488
11286
4853
14832
11666
11932
3848
7902
3752
2576
8963
4168
12966
3827
2914
3932
8158
11249
10959
189
10641
4405
8335
14797
8746
5624
8575
9191
1725
5733
13800
14695
9142
8137
2321
6924
10182
4249
3562
14262
13128
6959
14080
1993
9309
9661
6317
9234
9811
9101
12089
12611
6994
7068
12603
10178
14754
10344
1159
4332
13570
2692
3400
2181
3478
11614
8750
8288
3399
10011
1533
13627
11375
7618
757
80
7161
2474
10117
5315
9339
6681
7632
7226
4849
5759
9547
9129
11456
2063
8030
13418
9747
3393
9033
7120
9544
13988
12742
9096
7719
6409
94
2485
11827
3090
650
4398
5259
8092
8946
5692
12320
11408
6745
13158
1679
5348
8188
7701
8446
5409
5108
11692
10677
6695
634
7781
8741
1012
13539
994
8414
10295
11076
7541
8320
4336
11907
587
3077
11816
2388
394
7504
10351
10834
8521
5850
12964
12422
10425
1475
4122
8154
5663
941
13380
14823
12580
2704
4724
4193
1155
1915
5197
13658
5828
10498
12835
8505
7835
12812
68
11204
14346
2022
1347
12060
8275
10588
14136
6633
6805
1693
1517
11943
3986
8583
9133
6197
4777
6966
7560
9416
3087
12327
12808
5465
13290
888
6784
1138
4948
4427
761
2330
7167
11231
2619
2723
4285
11396
4476
12548
2848
12227
8925
9233
11174
3769
6187
7892
126
4563
14789
14022
2687
14486
10689
7810
167
5775
1387
12732
11216
2455
241
11208
11116
1879
7317
12782
3014
14923
13028
8674
1976
2094
2684
9375
3048
12820
9933
11287
9909
12040
1680
7775
14963
7523
13298
595
9789
8344
3025
8782
5170
10513
1920
4804
14293
12590
6615
12734
1249
3912
12487
10649
2419
12824
11393
9937
11581
11506
364
1509
13664
8713
2533
13652
3995
10757
13075
11507
4216
8503
3777
11803
14019
10713
3293
8062
7824
5016
764
5522
9454
10814
11822
10694
13960
715
11158
3667
5558
8634
12992
2782
10087
8130
11902
252
13583
12289
7312
13877
11779
11494
2501
4065
8592
12058
2463
7128
12889
1670
11565
2427
6422
3201
988
10802
10390
9075
3281
3759
7377
9870
10663
8979
1489
332
2059
13042
7714
629
4645
5104
2304
3171
6943
3504
11302
10269
1062
11648
2092
2524
655
2870
9081
9165
4501
7828
1986
12229
5301
141
892
11541
10651
1191
9588
9465
532
11087
11186
6787
1189
1279
4018
6714
13631
6915
5560
14485
11070
2110
9389
9753
231
1103
5258
4908
1394
6507
12136
7384
14922
4962
3992
11248
11424
1073
9055
14971
5941
3783
1865
14784
3688
874
14979
7480
6740
10629
2096
5378
847
10622
8604
5523
12908
14124
1463
13725
9711
26
10188
11617
12019
3059
10465
10349
1379
8760
6152
1990
10929
1293
7777
2990
1167
11299
2875
8510
4738
9422
3342
14606
6397
2890
13798
9779
7051
12902
12655
9901
10555
12827
855
4734
13699
4484
12661
7684
3936
5714
12755
5880
8362
11739
8874
398
12554
14449
4213
975
2552
1295
4058
13707
8685
5773
8226
13509
14861
5536
14216
11380
5500
10036
6464
4243
9674
10256
7035
1623
2157
9941
1827
95
7193
5877
10145
11842
8205
10999
2691
5177
140
13308
5501
2260
5393
7203
7977
3178
5521
1706
14638
4415
10240
3924
12694
13011
7180
9600
14548
3773
11723
8420
12478
13392
14397
12883
4407
7412
9684
8660
11677
7955
14898
2719
12769
14643
14461
1574
12896
4323
3409
1634
1671
9196
13472
7438
14221
13226
8565
5846
9611
2967
8292
6717
8322
11895
1641
8306
6017
13612
6956
8482
584
3678
8580
45
1832
11862
6061
12388
2571
7933
5778
4337
11651
14699
11042
14596
12245
3891
12496
12581
7045
9007
2331
2292
10098
8296
1550
5155
9673
10674
11668
2065
10804
1968
10089
9496
3839
3030
978
14622
4170
5430
8836
5603
5779
9107
4905
13479
881
4971
14760
3166
13152
6103
8921
5547
807
12893
5260
4898
11219
10423
2976
14563
7199
12097
4847
3272
6950
6829
1441
8069
5793
1071
6038
10476
8589
12048
979
9111
4667
7197
5372
5116
12319
9994
9271
5305
6416
13123
11635
8716
1540
7969
13070
4618
9515
8627
11544
9231
13131
10518
12743
8837
13457
12519
4761
14106
6762
13907
11889
6371
7733
529
1535
5342
756
11615
13529
9582
11271
5078
8960
6996
8256
1507
2796
9817
14828
7851
8607
10729
7840
10257
3288
10100
13139
12166
9440
4085
10080
13925
12130
1129
3602
7404
5842
3904
5921
1329
7488
6100
5388
2545
4524
5686
12187
11664
9621
5296
9487
8535
5690
6708
11243
10971
7862
6524
7111
4115
9321
12698
14530
4798
12397
7712
6902
7152
2733
13648
4741
2673
9598
401
5455
3220
9842
14737
11079
2626
6544
12526
10433
2799
990
7834
7542
13133
4226
14752
13279
12435
7293
13177
331
12524
4010
3732
11003
2285
2812
13255
10587
5439
3556
2339
3058
7099
8318
1589
14985
10352
6533
11004
1855
6722
11244
10239
4877
7505
6716
107
3983
4666
5701
14013
6072
2104
2897
13779
10231
12828
13733
14071
8350
8364
1867
11268
11538
8779
14518
6181
8304
14637
9681
13120
5294
2373
12047
912
4386
1947
2928
10516
6161
13852
14940
1026
10459
13825
7397
6339
4319
14690
6402
13357
10597
2084
11237
5380
13954
5080
2752
1168
10216
10015
14511
9069
5
3722
12194
11074
1063
2207
4801
5449
3237
8356
12278
8953
10238
1395
6080
5681
14906
1188
9945
952
7431
12246
8998
8723
4895
4665
11446
803
13918
9531
11696
11694
2616
8516
154
2472
3155
13089
8117
4087
13236
12830
3835
5222
3849
7683
7021
6067
14787
7002
1669
7009
11646
8391
12231
2643
14416
425
1714
12141
3540
10873
9834
9631
7056
3850
2154
10712
2579
14037
5644
10466
6039
14396
10417
9313
5613
1712
12901
12764
1171
5912
14165
3898
5977
6574
13843
11149
3829
4064
6440
2622
3144
12234
7285
13001
4176
7735
1989
1699
7273
3737
13517
2219
64
4106
8115
11715
13817
5282
12279
8315
9856
9036
12619
7440
2542
10461
3659
8427
13082
5847
11255
6452
14237
2950
7612
14515
560
8387
12155
2194
10196
4749
8261
1196
14182
5765
1280
5480
4927
3156
3462
8366
959
3253
3968
3410
10116
511
12533
8817
6769
1025
14408
7492
1385
10632
5608
7115
7660
7942
11820
13905
8210
2269
10635
2792
10560
1682
11802
12780
6835
11750
1627
8271
8864
11760
2073
2439
4349
10366
783
14984
9119
12649
11339
3299
9448
11102
9796
5421
12570
13757
13461
13471
14612
4917
9849
386
7136
1315
1816
7023
11770
7487
4914
10369
703
13446
5879
3324
9894
5804
991
726
966
9889
1833
7954
11383
5366
4409
3357
6474
1351
10796
1454
10856
5018
12307
12932
9410
8640
5381
4413
11082
3527
9176
14666
10725
8615
8211
5951
85
11716
429
11647
3170
11270
4720
6531
8087
12264
5660
13886
12640
627
9898
7308
7370
2315
11359
11894
11969
3312
10732
14140
14491
7641
4358
3551
956
7613
10660
2296
12214
5099
4254
3402
8182
50
635
3453
12008
11624
12549
4396
7871
12876
5678
4834
13189
13663
5659
2004
10113
12364
1515
14475
12613
11550
3002
7084
14100
11388
4182
2105
12035
571
9855
9954
6907
10154
566
864
706
13417
4158
13881
5593
12865
3766
8539
43
9635
5610
2381
3256
7318
7464
11461
4456
10992
5110
7248
12915
7870
14665
12476
5543
4634
10827
1548
14222
9229
7059
12506
5868
844
7027
9603
12546
5585
3415
3384
207
465
12602
3412
1187
14819
13237
3152
6620
9761
982
11806
399
8762
12162
14753
13537
7983
8802
1417
5612
4347
3196
9570
11755
6679
4506
3128
5450
536
14739
12561
1492
13127
1002
8911
4079
11703
8605
2389
7313
1436
8658
7402
11292
569
1443
14387
10925
5992
11030
1884
12075
6791
2721
11650
10457
180
9946
2440
3657
12313
10776
4757
603
14553
4591
8454
9184
4899
14999
8397
6353
2521
3079
3637
1701
5996
4760
11915
12414
2363
7368
570
12706
55
4209
9584
13898
2634
4926
12453
3589
12885
12102
11832
3945
5354
7421
4983
14376
6723
4814
1539
615
4813
8394
4931
13862
4594
12674
8720
12650
487
12118
8572
5058
10638
5619
8774
13826
3084
12133
2769
2397
10473
3511
10419
3304
6011
11189
11690
1354
8690
4129
4314
14918
9392
12879
9622
11965
9251
14024
4946
2141
1836
2123
5734
10408
13896
4821
13272
9338
8408
8603
408
1325
10109
10168
1660
12614
6616
5616
14703
1631
12675
3633
5096
14624
8968
14229
4732
12573
5891
4986
10357
3770
6138
13544
5010
748
1179
1779
9833
6815
9572
11469
1373
4795
4521
5598
998
2963
4703
12326
12809
3872
8828
9322
5027
9331
1005
9149
3277
10392
6851
11473
4101
58
6498
7134
5746
12329
908
6548
1416
9492
8095
4169
11676
2760
3248
8308
6399
12111
7656
11177
4772
9935
10017
12126
12643
11560
5927
478
7515
4794
10508
6549
2841
531
4265
3064
9843
8384
11905
4379
11711
1146
6338
11563
14998
14675
13293
7611
4639
5716
11976
656
613
387
7337
9746
1904
11775
10990
10797
6511
8679
12765
1028
8291
10922
1901
3525
12252
6974
8016
7319
10251
12459
4387
9012
567
7379
11688
2136
11960
1184
11713
6985
845
6949
8301
2076
7926
3806
13078
267
9462
5668
6938
9213
2916
10434
3909
9636
12762
12630
3935
4174
6802
1070
849
2114
2804
6224
7289
14115
13284
694
3429
5809
5684
2425
13422
3501
350
7739
14951
2613
631
12494
5687
3286
5174
1797
9741
963
7576
6632
8173
5724
7940
11171
11334
14812
11870
11179
14403
9736
2041
5406
12538
8986
13927
14114
3435
13568
8556
2087
14551
9278
10274
4382
673
11574
11183
999
6200
526
3954
530
7572
9589
3718
593
2507
1957
4317
5917
1444
3824
7866
13125
14802
2623
12744
11593
6881
903
9610
10535
9284
4733
1432
7737
7393
7906
11561
7821
11702
2500
768
5899
13151
8958
9752
11411
4356
12314
4766
9354
3606
2846
6724
11181
12584
2756
2458
13549
4944
8251
11718
12977
1350
12653
1019
98
13566
1611
12017
510
12749
14793
10106
3181
4736
12632
4786
6316
4330
4068
11595
3851
6485
6981
9694
8181
3221
4974
9552
5045
1378
1856
4850
13208
12525
4159
3604
13148
1133
8075
5602
9637
7716
6582
6656
9384
14137
12445
12945
12383
12007
8888
10139
5556
10723
992
11442
7094
8471
14658
4384
11429
2327
822
7025
3275
1288
8040
5797
6217
4322
11481
5683
14016
5359
12914
7359
3470
3042
12139
12472
11793
10217
3198
11945
2627
143
12275
6761
10503
8926
14743
4762
12041
7625
9823
9715
711
1038
14924
7292
13870
6499
13034
14421
4305
9792
8193
8496
7724
9613
5818
10784
298
8423
7978
278
14198
13330
8174
12723
14489
13176
13026
12031
12210
13465
31
7177
7655
11769
2426
4019
9938
6508
9388
2314
12607
13738
7485
4592
4503
14098
6919
6155
14232
13145
6171
14323
9549
12990
933
8409
11863
13978
14044
9923
14865
3369
5489
2348
12927
3681
11269
10382
14441
11575
6589
9559
12677
8254
7937
14296
11603
10128
403
13053
3665
7574
9524
463
176
3309
90
5680
2079
14852
11854
8361
11232
3035
8835
5971
3157
8502
4537
12923
11797
1603
1306
9623
9890
14020
11130
13974
7466
1702
5757
11044
5206
1310
1579
6587
5405
6865
8696
5872
4283
3148
11896
14331
13433
3167
1938
4951
7081
8623
14488
6774
13850
1861
1705
9441
2865
1357
11321
1925
667
11919
2182
12444
12982
11721
11667
8700
7846
8336
11363
11897
9190
5194
12395
5650
235
3034
198
1568
3040
13888
9397
8807
4851
8056
2351
13538
2040
3003
2663
14456
2274
12499
7470
11761
7473
14948
8415
14928
11061
1728
13379
296
5422
14720
133
1224
13426
2605
2253
10996
13179
2543
3439
13291
136
10544
2724
1971
1605
7881
2662
13144
14725
8224
5340
2547
7883
392
818
4696
5799
13588
1030
12425
14117
617
2250
11027
1183
9413
13530
10616
4076
7019
10811
10066
7636
8602
6790
6097
8854
4651
10294
14355
1898
2989
2559
10365
208
3318
3545
5833
12724
3363
10101
4172
6645
3704
10023
2864
5904
3585
281
6358
7704
5972
1913
9456
12263
7952
3200
4027
6381
3457
3428
12844
13615
1
9379
3972
3726
8232
10354
7784
3795
12597
1681
9554
7137
5012
2270
8875
10736
6731
3255
5402
10977
9825
8295
7373
1804
436
12394
12105
4044
10137
8341
12079
11871
13819
2884
7621
11966
9109
1808
13364
11633
13458
12406
4541
9648
12536
6931
14094
482
4538
10400
11336
1755
7186
522
8144
7985
611
9841
7029
5006
6297
11886
8538
13316
10181
10884
14691
516
3918
9955
4104
11109
5427
3536
1111
12083
12428
10645
10469
9504
4700
6947
10839
3037
13955
9398
9381
14320
12672
9578
11072
79
11600
11381
10570
2746
2039
5975
8051
13270
8212
160
5856
3481
3993
12430
7344
7274
11088
8965
5444
5586
3601
14796
10903
14252
12529
668
6345
14313
14240
9716
5437
12002
6135
4652
9032
6118
8468
3114
7550
10287
1014
12731
4770
6957
1803
10107
1564
1292
11898
4458
3441
12938
6014
5400
9329
5753
9099
1006
4603
4904
14750
8662
13646
14395
2581
5245
4397
11968
5931
13802
942
14950
12916
3949
2894
2333
3298
1008
9960
7510
6879
1372
14004
13805
421
12484
6477
6978
2696
8317
5614
9302
10006
7407
10714
4975
3031
1753
7441
6388
5513
9958
6023
10574
8343
9477
6448
13854
7885
5771
12356
3032
12081
2748
10666
1629
11391
7975
12585
7692
2416
14647
9315
13644
11123
5646
7796
3403
323
11747
10460
9466
12882
6781
1231
13252
819
13942
9319
7132
7764
11860
9977
10799
8577
12806
7606
13413
8983
14679
7799
328
8196
13404
8530
2818
3507
1236
99
11858
12716
13355
3227
14113
10894
2169
6329
13660
10706
12805
13228
10991
14246
1643
3651
1186
5158
7328
7341
7539
10819
4030
2517
10756
2213
6894
12212
1320
1673
13449
12334
12699
5428
11527
2526
11882
5051
4440
14966
13
10871
134
1047
4882
5198
14905
651
14868
8999
2275
2196
3122
549
8367
6712
7819
2090
11698
7585
12785
2002
10436
14917
11630
5462
4879
10737
5928
2630
8346
2954
3977
793
2932
14470
14481
13259
8242
4600
6873
8369
10951
2287
9276
12409
7619
7750
6468
6868
11007
10115
13645
11580
12845
7015
10166
12493
9085
901
3452
9885
3280
8566
1890
7075
6094
10334
3265
11195
14284
3863
11000
3724
28
7296
7401
6443
3907
6715
14531
10812
8578
5722
13650
11737
2522
11284
5496
3317
6527
2324
3326
11223
13481
2659
8041
6668
834
12739
6789
4673
12647
7615
3395
5812
5777
8169
6149
12568
3808
9411
817
12161
5091
5148
14236
447
4270
5918
3246
8200
2714
4391
2633
3249
13632
12235
1302
13946
13175
2100
7220
12391
7878
14562
10967
1112
2765
5723
14419
689
10241
10680
2895
1234
10563
6219
4303
9940
211
3365
953
958
7399
606
13266
4173
13397
12934
13673
11956
10533
1096
8474
2911
1908
9899
1945
2817
7304
6236
8160
4238
10738
1619
2060
4310
2965
4148
9725
7748
1556
896
13540
3518
1685
5806
5377
10718
13841
12483
3599
395
4464
13079
5936
1226
641
8732
1583
10027
14618
11273
1104
7143
8467
14856
2689
11100
12541
13864
2335
7789
12340
10915
3514
6869
12565
9976
144
12678
7360
14575
6730
13525
6390
8312
3444
2400
7642
4489
3790
9209
11709
13167
5617
4718
12244
8842
12223
3660
12763
1282
8820
7355
10003
12413
12848
12360
1268
11014
5182
12426
10944
5628
13334
2497
9201
10155
14423
14763
13614
12371
10343
3719
12952
5072
4923
2772
3104
686
1819
3004
14632
2849
12366
8966
8822
7947
5481
5770
4424
8360
12174
12100
11514
12948
13666
8218
4015
333
7776
245
14155
11912
7089
8599
6863
14962
13878
6294
5413
8609
6335
769
8113
2558
13920
9604
12567
1362
11547
3629
6213
8711
10069
12189
11218
11463
4611
608
3611
14599
14030
9883
5735
2211
9084
14983
13153
6799
9434
5035
8157
4662
14116
4835
4623
11059
12903
8191
14672
13111
873
3941
11885
6605
2831
621
4823
4954
5075
10980
10646
4008
3065
4389
9463
4062
1213
4294
14361
11020
3150
5128
6659
12737
5117
3976
12988
4716
3561
93
4353
13969
9177
8084
1537
10519
2367
9564
13473
8450
4422
12475
8099
8324
6220
13166
14767
14908
4258
14215
11049
12713
14659
14150
4602
13403
2498
4184
7028
6041
13019
7949
11734
3408
4211
10773
14573
1558
10831
6794
13503
4683
4991
2129
13008
3211
13639
9123
1190
3687
1118
7275
2024
1370
11783
11697
2946
13780
13263
11332
4473
11309
594
8890
11153
11887
5390
1687
6631
2254
11067
3233
12490
669
12501
5009
3593
13214
4933
4469
10946
10458
14987
6302
7557
8338
10237
9202
2192
9508
5356
4999
4615
4502
13115
14126
981
1952
11298
12029
8458
6259
3998
6523
14324
7361
9023
10073
14281
11983
4560
7264
5179
14492
4616
13759
2035
2601
2654
8349
13901
8586
7963
7281
10864
11849
664
1800
1023
7624
2603
11095
12846
3106
2391
2698
7340
10198
10383
7141
5276
3314
7413
13936
12587
13354
8114
852
14520
6091
2956
925
12612
14444
7142
1897
10242
5141
14454
9122
5157
9249
4441
4188
13322
3495
10359
4578
13546
2080
10320
1610
10375
9965
9526
10896
12411
3615
2649
5580
4765
13510
5874
4348
1590
11578
6563
9583
11428
1847
3690
10058
8140
3328
5160
11457
6119
13633
12918
4891
3373
1327
4179
11587
14377
11634
7250
11927
12224
7609
6642
310
3228
318
6288
2293
10091
282
7079
8008
6442
10332
3576
9650
6333
13657
9690
11107
3329
3558
11385
6577
2904
8808
5113
1807
14087
3546
8022
3406
9438
3705
11104
13496
6132
13649
9996
871
1748
5387
13156
5954
13912
4011
8552
4569
7554
11239
2891
3123
10064
3859
957
1299
10322
7888
14564
11331
1406
10308
13092
5017
1297
10850
8651
14239
11111
9820
1850
6667
5124
2825
7205
1106
14043
11246
5497
14089
7266
11193
636
4585
3270
14003
9815
10673
8915
7570
33
8305
10486
3448
11939
1534
1872
5540
12403
6896
9112
14133
10955
8096
4493
14173
8668
11995
2341
12154
7323
6797
10728
5559
6114
11855
14631
330
11214
3967
2948
6292
10655
4929
10046
2475
9748
2878
9157
8145
7071
9120
10978
12795
5365
14523
8726
5832
7158
8972
13180
6764
3811
1020
14209
10628
6160
3676
14736
9206
1107
2842
2429
11152
14833
9173
9765
7516
14656
3927
4269
12135
1237
13796
14372
7909
9695
9395
8257
12819
6562
2445
2590
12825
10138
1344
12183
3845
12799
3817
9342
507
9351
10768
13172
3414
2592
1608
8981
12400
14471
13338
6001
9540
9561
10741
2120
10940
542
13353
7893
1719
5432
1027
2585
11197
153
13702
5102
223
125
6737
10806
228
6859
1883
3634
11753
2776
6728
10908
5149
2467
8381
3490
14146
8497
11628
12095
12285
8107
1545
10032
5227
13414
9049
9907
4268
7271
6584
7016
8806
7444
11164
7448
7188
12020
10690
11476
8138
14283
10388
13575
14247
6666
8734
848
5499
12670
977
8823
3282
11918
8124
263
2566
1388
13504
1554
8184
2046
3294
13717
7228
7831
13713
6987
13752
12251
6979
11498
4945
8238
11406
11529
9689
11872
12333
6760
384
4906
1958
6942
13746
2690
2839
1689
14738
11143
11814
3219
4346
8074
7956
14498
446
11454
14806
2979
3334
508
10489
765
14840
2598
7699
2971
13093
14729
3163
11131
11036
202
8776
12342
3398
800
11118
11474
13409
8777
7830
4539
2821
1674
9230
3710
14254
10928
14601
3177
3386
6515
3372
5414
159
2632
1862
3744
1410
2263
11725
4862
8564
10821
8878
12980
14418
947
11315
11275
400
1313
4459
14867
7497
624
3999
11853
13161
6711
823
4939
1998
983
12725
13309
6350
9335
123
2479
2369
10521
2336
3213
2313
4120
9590
5040
9951
13141
14302
7314
10493
828
6844
6351
5942
10615
4972
11173
6166
6349
12909
6454
2442
8632
284
185
14266
7315
8197
10599
12676
11821
12438
8783
5446
3862
1140
227
6003
17
2480
10800
1818
6060
5790
12206
5143
5749
833
3617
592
2476
4976
5239
14442
12062
4596
10226
8255
1473
2138
9709
1418
10838
13783
8105
10822
10657
10
14455
1842
7717
8606
14646
10415
11410
13448
8858
3621
5361
9806
2777
12457
6849
5970
14578
1773
11981
6846
2107
11649
8027
2985
6652
9677
6937
11612
5848
2735
2128
14512
2399
11150
10480
12635
6675
8795
1160
11632
3232
11403
11401
10891
12651
2945
4764
8945
1496
4425
869
11708
6814
2165
4207
2713
14102
6832
6763
5173
184
10373
7865
2434
1506
1616
4633
14166
3375
9046
11757
3130
3597
1430
4412
13163
8683
13815
11492
5223
8179
573
13564
2366
9714
10298
10278
517
14154
4102
520
8448
430
1353
10411
3297
7326
7794
13155
3714
203
3011
8166
12968
6104
1086
5738
8918
11795
3222
14224
8085
10451
8111
3009
9281
1789
12330
4135
11791
5079
7930
645
6602
14433
4156
5172
12396
11947
11689
224
7048
732
9535
14854
2641
2328
5549
12868
1260
13435
7711
13511
2987
9704
1004
6726
6786
13390
12240
9325
10671
8065
14364
3953
121
2544
10096
6674
6903
162
1319
14040
7069
4768
492
11749
5165
1076
5231
8396
7256
4096
14853
1860
12447
286
6682
2898
12267
521
3168
13033
13232
4817
8906
1777
1802
10429
9525
14792
6488
6112
3963
1870
7761
3510
6198
9953
4242
6635
2484
11833
12466
14278
7921
12090
5836
10259
4866
11060
12171
10127
13146
5043
10676
115
7032
12306
14443
12052
13958
14362
11604
5946
14795
11272
14934
6108
13777
2049
10048
8206
6945
11937
4663
589
13438
1468
5052
396
5130
741
4061
6139
14261
4247
788
12179
8849
6111
4562
8786
2582
8748
11233
11099
14945
4679
4423
6998
625
6013
4125
10534
5851
7455
14595
5913
1108
1893
3485
7623
2466
4573
11354
6798
5689
14516
9350
11568
853
14608
3960
1117
2344
10526
4487
4773
412
4499
9063
1412
2352
11830
11748
14033
4595
3194
11077
3459
12417
9968
13584
10995
12495
652
10180
13610
11511
1384
2359
5126
9964
3471
13500
8504
9862
2130
13486
2225
7680
9880
10158
9265
12398
13917
4200
13938
13895
2069
7012
6083
10191
7210
13534
10792
1532
10833
9845
4525
14807
14131
81
7804
7815
5032
10899
14909
4690
9054
11160
7472
11583
674
2456
12751
3445
11337
10245
14065
3584
7674
14786
585
9555
3238
3055
3569
7957
2609
10497
9430
6779
2935
7261
4960
1442
5594
8891
12866
11606
10323
6438
7453
9734
10852
11764
5599
12553
357
48
14312
4088
11443
10790
4586
12471
5648
13336
1199
9442
6270
7896
7234
4248
2113
10192
9669
10407
3519
8715
10808
129
12695
8514
3886
1414
6597
4763
1649
9275
11532
14900
5156
8628
5189
8328
10062
980
2300
4128
13074
13147
5821
4643
11812
9366
8139
10324
1565
14357
1733
3493
6243
9407
10783
7734
11530
11726
3741
5083
2258
7559
10724
9158
4401
5896
3320
13691
6655
943
14123
12575
5826
14555
13962
14007
927
7974
7024
1905
11993
9199
7067
12877
6677
4582
7417
9585
1784
5705
3137
8379
10353
6836
6392
14431
8009
11794
1698
4638
14519
4274
2168
753
13269
1135
7227
857
4702
8023
5403
989
1840
11028
4360
5369
11940
13808
3973
14654
4706
6466
9971
7903
856
11117
3542
9721
4635
14034
3022
12123
119
7451
12531
13824
7650
2393
1499
8032
11780
7768
9984
2174
1144
14308
14537
7465
8333
7283
3950
12967
4112
5055
11029
4832
2688
14268
8909
1164
8843
10020
1061
2955
3897
2789
13385
13182
9301
14785
10781
4020
7652
11678
14800
2056
13010
14527
12851
14118
5550
11582
4568
3085
5476
14479
545
727
2867
10875
6410
7426
10591
7086
6749
3339
2801
10022
12352
12072
490
11710
1854
9936
5947
106
114
2562
10171
9222
8439
1261
8576
3982
8486
5461
14708
714
3654
4463
6995
9580
3348
9218
5882
5792
8752
3832
4355
7194
8053
2320
2921
12931
6101
3103
11047
5457
3742
9059
8811
6162
13714
111
2218
1091
10174
4296
3559
5046
801
10146
5298
3794
14993
2026
4629
2235
2940
11958
11975
1512
10693
1153
11355
2618
9232
7718
13060
543
11308
9782
11127
12032
11917
455
6157
6680
5280
11496
7548
782
8980
11786
10895
11788
10393
11031
4435
743
4769
826
12351
2712
9790
13694
11921
7144
1700
6812
12954
14827
11080
2245
4098
3446
12748
2226
14503
6063
9360
7309
14803
4421
11588
10050
11345
760
195
11847
7968
10684
6926
1765
2718
12109
9225
12434
5336
7911
6630
13495
3421
8728
633
6340
5399
11873
6131
14727
8512
4160
8120
701
5673
1156
14549
3115
2462
3191
10435
10470
1195
10825
8300
5876
12115
14829
4306
4816
9419
12213
191
11524
2658
10926
6308
10553
712
10532
12359
5566
3038
10549
1943
11878
1891
7363
8274
13045
13560
10786
10840
5969
4799
3336
10960
9713
5623
6267
2855
11213
11217
1636
14886
6190
5332
10167
504
4713
5956
6312
14322
4016
7191
5395
12220
12337
3883
8947
13323
8794
416
1575
11146
12148
11517
11295
2057
1953
5037
1239
2457
7347
9298
10000
3119
7960
14405
1401
13674
6596
10442
13195
4416
4325
9562
10412
2360
1923
9058
1491
4671
4
7808
7108
11959
7011
11525
2408
6221
12482
3791
596
12361
2176
9285
11526
2570
2840
5278
5784
3254
8245
2036
1253
1105
3311
13264
7498
8769
5418
3938
5672
5122
1042
13213
3449
7561
6055
8635
12449
14483
13678
951
8789
691
7925
8601
10126
6413
10207
3825
6853
11801
7898
280
4250
8151
934
2918
13340
11062
11835
8895
5367
201
1305
12560
9847
2487
13065
13997
13513
9959
5574
14055
1653
10348
13216
1549
13601
329
744
14910
10213
12415
12119
14227
2874
8818
14946
13849
1503
865
5002
3717
6967
2436
8133
11423
9512
10950
4916
3549
7415
2768
9739
8036
1438
6168
9532
5252
188
1922
7052
4517
6540
3068
4728
100
12718
10428
5640
11265
8359
894
12236
8159
6027
10403
6262
13442
13142
7825
12917
3082
8190
7785
719
14002
8146
9145
12530
3974
4928
6092
8052
3940
12310
13209
1609
14005
12693
1322
2732
4710
1723
5394
11799
6124
10828
1359
7770
1332
8646
3631
5151
8956
3683
825
5493
3442
9402
12399
11767
7110
830
5176
7817
7452
8797
8611
12786
9383
7064
2923
14762
3143
2944
11521
9282
6073
10542
10764
4136
4012
4196
10769
8077
5693
10954
11330
4973
3772
6886
13231
3594
12195
321
259
8101
13747
4237
11187
5375
7675
6148
8015
7741
8939
8899
10185
9016
14047
11728
12253
14501
3933
6159
8403
1941
14093
9659
3018
8629
11482
5471
6185
5180
7536
5468
3024
11206
8438
6701
9038
839
7836
6513
11264
11992
3073
12
6939
950
12125
11089
1560
7087
2122
12592
3352
7221
7932
2489
10551
12011
3640
2227
5344
7103
5626
12325
14988
6569
9645
4909
11166
419
2679
3473
352
11655
9536
7124
14015
8372
8541
3876
7031
8867
534
1510
5898
976
12596
1045
5346
7460
3479
1476
2441
8444
9868
25
6376
948
6032
4780
10316
14525
7118
2037
1128
5966
10564
6210
4774
935
14307
6912
5225
7247
5712
3308
6024
2126
7329
3209
1744
14588
12834
9156
2216
945
4381
7823
8363
63
6179
5875
9062
12659
2798
2600
12458
3739
4468
7894
4340
6230
6606
12152
9928
10472
5915
14625
210
11618
7420
13064
7726
7790
3313
1494
7754
10703
2933
4022
8614
10662
12298
5290
469
9799
555
13327
5590
11425
4963
6516
11281
13101
13880
11090
10530
7710
347
6858
2814
8127
8845
3583
1782
13889
2553
7713
7935
4674
6963
7682
8677
14712
287
1424
12905
3303
4494
1197
784
2952
4617
2606
8029
14223
73
12813
3775
14810
8012
12492
1093
12535
3461
643
11226
10876
8374
9291
13762
8694
3961
5518
11389
10586
14484
3497
3721
12941
5529
5967
8940
4721
7159
1255
10456
580
14779
6107
6841
7889
9240
3345
7394
7643
10151
14877
13454
14368
1445
6535
3347
1431
9624
6042
4682
2131
5355
5807
3944
2423
11540
5022
1113
4059
3067
972
10183
2629
2447
658
9293
10889
8003
2481
10450
5297
10054
5295
3008
13116
13833
2256
4021
23
1997
6793
2298
6898
1974
14109
10074
10878
11691
304
10642
886
2281
4516
8951
1064
6960
6538
8938
3987
9086
14459
14424
8375
3477
7588
6165
5811
9126
1275
14645
5939
14844
5279
5504
1799
8704
3095
9528
766
1927
7668
14759
5131
3930
5563
32
9770
1994
2860
6435
12416
12078
11571
12074
4598
1569
5881
1717
7531
8392
9200
9224
14466
5736
3094
6304
3573
11058
12343
8469
14580
2180
2142
6976
7806
4872
12462
10709
6788
11982
3099
5870
355
5025
7135
12636
8348
12673
4195
3638
565
4453
13052
3822
4133
2925
9102
1810
3487
11673
306
9421
14664
6678
6433
6359
705
5150
14051
10901
7469
5743
13474
14393
10108
4815
4627
2994
10778
13879
13375
12173
7922
14318
2978
5050
13776
6547
4408
1647
5047
8620
467
13506
3544
11974
1739
8664
14390
3587
9459
3866
12043
6747
10813
2535
7686
10765
2201
5330
9166
6822
809
10078
13638
14959
6930
12080
3625
6739
8132
5338
453
9021
8273
6246
6321
13382
6420
11161
12842
10708
5384
4870
3865
12858
2560
12759
5310
11221
480
8406
439
13541
1044
6098
1899
5699
9594
1793
11015
13054
7997
10664
13703
5527
4558
967
2332
9957
393
1582
4689
8886
4978
7065
10938
4515
9374
8207
5751
3142
13945
1264
11944
3401
6263
8213
89
11746
6241
7343
5649
713
9418
9478
2375
291
7410
13787
12601
13369
12821
12291
6571
13027
7217
5911
14870
12757
5362
11892
5454
3716
1613
5424
13723
14997
12436
4952
2709
9444
5031
10890
13297
11172
11416
2858
1598
802
11585
12705
6636
193
11893
14400
9453
14253
12260
6245
10195
7211
835
1057
13051
6372
1831
2859
4793
2325
6480
4687
12963
1747
1518
751
2093
9371
8553
11557
9882
10824
14673
12131
3814
11241
11402
11963
10969
5788
7270
9822
723
13547
1290
2249
4035
1483
4723
8626
3840
8889
3036
1426
2747
4659
14744
12947
9857
7755
2506
147
102
360
9626
66
1837
377
9056
5250
14039
12165
14969
6838
7563
10227
3685
500
7200
775
10987
2743
6658
11453
13207
4571
1546
7953
1697
3138
10441
13793
3984
2316
12473
7562
2021
2468
1447
253
9299
2461
4307
10965
8676
14493
7392
4378
3354
5676
742
11194
5147
5635
179
8573
11427
10482
5988
11314
7797
3224
12900
7626
4063
10487
13594
11297
10823
4785
7795
13460
10246
2711
12873
14206
13386
6222
5398
4297
9326
3942
12797
8608
10290
9553
9949
13224
11451
4491
9283
8283
7482
11120
441
9087
322
12861
2534
14626
6404
2259
4640
1257
9489
786
6993
3881
3364
10602
11518
2667
1859
9377
12626
3846
3753
5760
4985
11320
4149
3027
10621
2871
10345
7715
2910
2246
2171
2608
5682
428
3553
7833
2223
14138
283
10099
9272
11933
14480
2693
2449
12852
11567
7475
6583
4485
5933
2143
6884
9455
10422
8692
1466
5333
3207
5287
1892
8425
2290
1467
1136
5620
13996
10275
5710
5152
5572
14086
7414
8996
9359
13832
10187
10975
6113
5262
11386
13091
8264
2149
3197
7593
9514
9308
5584
2337
9452
9002
11909
3962
5573
7929
14301
2530
6074
4246
9671
12021
1433
2161
6257
11128
2795
2738
1516
3464
10157
6284
9617
5397
7046
1621
1738
5144
11926
1907
5313
10986
6428
13750
7951
14772
7396
700
11686
4692
4368
9387
3952
10941
1796
14571
13288
4574
7705
9155
3746
13348
14369
1573
4152
12784
5510
7202
8082
9490
2727
11019
4953
4860
5632
1450
9530
6860
722
14705
14310
3958
9680
4029
6408
4876
10494
2028
13035
442
9852
2826
2567
4507
2175
3751
5484
2251
816
10071
533
200
1871
2444
1866
9244
1177
6021
12437
7991
3505
2000
13282
4002
7672
4271
13656
9009
6057
10445
12034
577
13892
11656
11326
9678
1101
9805
3124
4069
3616
2941
14399
554
11930
12522
1245
4805
9174
5637
315
12175
2386
5871
7418
13206
10809
12793
13731
8868
10659
8780
9867
6706
3499
4054
1427
11180
7055
3060
5169
4429
14751
10994
7456
2112
10972
13062
116
10190
13900
9205
12271
13554
14
13021
8461
7640
4161
2163
1482
4691
8855
6638
9226
3310
5386
12774
2788
2206
7178
11247
9404
4376
14437
12172
10989
1003
13292
12853
1775
14723
6336
3422
931
973
1363
4167
837
14244
2047
1456
12929
4828
2537
3241
13999
6526
14251
6150
6260
11499
1593
9574
6071
8839
1082
8809
8268
9037
9408
5114
11687
2464
10270
1060
1774
4579
4838
10603
4607
5094
2580
12887
9467
9809
11536
3230
3885
6768
14593
3405
1513
6692
2816
4868
8687
4099
4865
8509
3720
6732
10134
14085
1033
248
14972
301
9386
10317
1087
10747
11731
10464
3530
676
2885
1683
9947
9787
6192
4186
11934
6654
12294
2892
3382
12516
11378
502
1975
10637
12146
1919
11483
7679
5539
1567
1271
3563
4478
7677
2088
7171
6721
4354
5494
13037
5907
14831
2133
2512
4426
4646
10867
7357
11285
2705
3868
13937
12250
12004
2699
3111
10070
12205
1130
12768
3260
2943
1116
921
226
13069
9930
4864
7807
14560
605
11925
13789
1978
8993
10061
6830
4808
12503
1049
9332
7634
12424
2279
13773
5240
12190
11038
12027
12443
14889
13865
3295
1141
2164
3843
12071
13827
1763
14529
1742
7185
12641
14628
7126
9433
1751
13339
2583
2675
5900
7295
9268
644
13498
1272
6393
10038
6460
14765
6529
2706
1930
13655
11705
2347
2803
2124
383
6248
5567
5926
1043
6897
9851
10205
12995
9906
8730
4282
7972
11278
2620
7160
586
10606
8042
8410
13768
1024
2700
4803
14435
10653
1089
5086
2055
3276
7869
12778
11176
6281
4185
10230
14195
10008
12750
3434
1711
607
2023
754
5605
14340
7508
10906
12401
2050
2152
1235
5184
10234
1688
8647
5112
3279
6804
10691
561
3723
12054
3757
7667
893
6916
13117
9006
6501
7428
2247
10888
5175
14913
5423
7729
858
647
7173
3819
5339
2387
6866
12085
13024
7305
923
6710
12380
3107
8376
7096
325
9215
11729
9660
637
9723
2025
11316
10851
9420
6532
3700
8276
5039
2361
3392
87
3641
5191
13931
4048
7278
10879
604
10770
10001
5862
14149
9485
5982
13373
4577
2470
3852
7433
12376
5111
10904
5408
4796
12266
5070
3948
5063
3366
3125
1342
3592
14353
5495
6928
854
8398
14280
1285
7586
10276
10306
3252
10350
3509
8237
390
6770
9586
3151
733
6050
7721
1511
12730
9431
11081
7703
7350
1529
11032
2190
3810
9886
459
4811
13273
2011
831
10076
170
12843
4759
11874
12615
2121
11376
10321
183
8339
4210
4648
8020
14446
1328
9449
10860
7037
6506
2451
13241
5247
1656
10854
4543
14175
10122
5726
2089
12605
2511
365
8046
12181
7268
3535
11157
2532
14045
6182
1741
4717
8433
1785
2311
7007
14088
7333
5808
1098
1294
6022
1790
14761
572
385
9235
10204
5852
8534
1691
5219
4318
6412
8121
10610
9810
14344
6
12595
1176
3139
10647
2555
6819
10504
4447
14508
5011
10656
3242
3268
10488
7260
9451
13775
5244
2243
10572
14953
2353
6823
9835
10855
6684
8142
11170
3661
1597
221
10112
7156
10339
9652
4278
4708
2819
799
7383
10052
5816
4993
5321
12299
14701
4830
13006
1588
8499
11771
2208
14505
5532
12237
10506
9802
11759
798
9204
5537
5703
4613
550
7965
4315
3179
5358
13204
7371
2991
6348
8661
11068
3727
5132
4845
12520
10841
3522
4431
10918
8252
1034
14401
5015
14469
3081
3394
6423
8421
78
7746
14199
7339
5901
15000
1578
7442
3325
9749
9877
1607
9104
6239
10252
11009
2071
11178
598
8457
7346
13603
6278
14457
4547
9506
5893
8253
1054
288
9468
4992
12756
6163
11002
3920
5008
9447
2888
11392
5783
7349
8303
11680
3266
7649
7751
2003
3896
6613
10590
8987
9743
3644
13598
11619
11924
3989
9186
4224
14314
109
6247
11845
12215
1530
2587
5213
1586
680
5696
1100
559
9900
483
4956
9051
5265
9445
7496
1820
7049
1668
6128
14472
10523
9484
14415
7307
3306
551
12276
7063
7235
3502
1446
4132
4032
9114
2982
7243
3750
5505
7827
1246
466
432
13314
3240
3571
12354
9551
13150
3555
1193
10546
8815
5139
14178
9897
7662
2881
7434
9546
9670
305
9640
13887
7938
5370
4131
1881
5625
12432
97
2906
7532
5963
4631
8949
14919
10327
4284
8924
4669
6922
11448
6900
7793
12233
12197
5512
7467
5740
4754
5003
10932
4365
11665
3870
9266
2224
6446
14147
8072
13526
4481
10583
7503
6833
7237
1542
1355
13399
8616
1504
12588
3512
13246
562
148
11772
14342
7259
5857
8796
8352
7658
12160
3702
9194
6337
10592
5651
2410
13728
12379
4958
4797
8733
5674
10842
2766
8134
1052
13366
6720
6929
10707
6751
12024
13099
6088
11168
7114
5843
11815
3257
4988
3820
5863
488
7116
4889
2401
9024
6237
10618
6568
13190
851
2922
10092
5855
3767
12983
9170
11421
12942
9727
13744
1488
2280
3842
1849
6961
12539
5944
1127
5311
14607
13665
3390
10170
6120
4625
13215
5763
12099
10292
13830
5654
2173
14605
13394
5661
2947
12682
2159
632
5056
6354
13068
9985
3180
4049
9591
5803
14623
14799
122
8917
13753
12023
2569
8852
3447
3349
9151
2939
13376
7895
8307
2283
7279
4693
1207
6031
8751
13828
7998
4045
3353
5502
640
3379
7867
14242
12317
3965
4074
8754
13424
11121
12760
6355
5878
4511
8944
1903
9270
13947
4637
2312
10186
12086
309
1730
10858
3418
9152
10945
5442
7416
14745
1324
1571
13374
5487
10090
5890
1594
13972
2482
5004
9510
1330
6669
8081
7837
13325
10086
14990
12949
4819
6934
3908
5469
8976
8923
1746
2014
10380
10585
4462
5952
7927
11142
11805
10710
6920
5233
1217
2268
6611
11043
5571
9627
8594
6105
12783
8098
12847
1543
12010
9836
12309
2383
2018
3706
4026
9992
6286
12082
6800
6604
8424
12904
13343
9108
8353
7979
10780
11397
14920
10013
10102
12557
5054
5935
4178
1885
12063
7223
8347
9073
1914
2715
13370
8167
5981
9317
8325
1928
1844
3259
10328
6473
10081
698
13976
4445
9771
2221
6415
9795
13758
6122
4496
6341
6146
12500
2751
12577
2422
2448
7967
6238
14805
4109
2984
12221
1675
6826
12634
8922
268
1544
6264
1434
8871
13608
13278
10763
135
149
5284
7131
867
9116
6090
7976
6048
7330
8001
7594
6272
12758
14849
2836
14142
9160
2636
10669
7858
4263
8470
1139
2372
7538
76
5013
14547
57
3673
4938
6293
1409
13922
7564
3734
4875
13476
4007
12502
13393
1448
462
12959
6306
8321
5123
6318
3278
4915
5609
5129
4626
3292
4203
13792
12094
7596
10817
4488
4197
5641
10265
8784
1380
7829
9481
2317
3243
12991
3884
11733
4941
3023
9918
5887
8357
6754
9776
7374
4308
2302
11436
6727
2016
7072
5945
13855
2160
238
24
13558
8851
3610
2379
12850
11652
12315
6883
9560
9461
8407
14904
2901
1620
9775
9625
7150
10774
4039
1204
6298
5957
13749
11211
13984
3605
6444
4055
9784
8721
7411
10209
7206
7534
614
5744
7390
2301
7195
3343
4575
12566
3269
4034
12474
14994
2398
9483
4472
4968
481
10779
10284
3797
8019
10203
9982
10378
4826
9502
7663
6421
1750
14980
11035
8770
3928
11591
13455
6299
4457
10297
12114
11672
3788
5234
1761
2309
8525
8432
5092
10847
8250
4094
10900
3330
14249
3662
8826
375
12176
1896
9693
14343
1547
10943
5460
29
9529
9460
5326
3088
4345
12594
7727
8595
3550
3878
1563
4124
13766
13345
14674
10717
14129
1707
7822
6076
1437
7845
3591
7863
5528
9103
5713
2204
2528
146
6471
4046
12738
9239
13229
6315
8460
2303
11041
2597
5021
112
1263
6020
10455
4854
8991
4878
6427
327
1173
4461
4414
6521
6776
7702
14428
811
2574
2645
5334
2390
8691
11310
13809
8742
7924
9068
8801
2118
11994
14490
8465
1198
11601
2078
8018
486
6601
11732
9615
4809
6842
13985
6099
13367
10552
8168
1519
14352
1392
2970
4418
10247
14897
3636
9372
2155
4095
4075
3749
6396
7258
771
4372
13468
6783
11086
14686
12305
4918
2241
4244
4570
2744
10942
2068
3218
1886
9614
11722
11300
7364
7154
11135
13712
7321
8377
4078
4676
12178
10004
683
1873
5241
5859
6419
9919
7842
5323
11093
14841
12984
11097
4466
9596
13791
4439
792
5281
7639
7369
6817
14384
12616
11431
13668
5581
3134
6482
10525
10042
5697
3666
1423
9363
7988
12692
13192
6622
7459
14892
6252
11439
9100
10396
12390
5490
13718
46
4504
1011
9098
13834
14617
8645
9185
13239
3955
6418
13016
8644
1458
10859
10303
9415
5065
832
11766
9385
14487
734
13563
2108
12517
11856
13909
7041
4233
6503
1498
2745
4698
553
2593
1596
1520
14473
3096
8198
8118
8877
7605
6141
6514
13296
308
10291
10514
12238
996
3430
7747
11986
7507
12583
27
7644
12576
3486
6431
10250
6467
9969
11199
6028
12542
10397
10319
4737
14333
6968
14933
285
14809
1165
10148
1824
12717
1780
12648
5210
7861
10983
477
7678
1864
4519
12555
3978
9712
96
4550
4114
7155
750
6647
5142
12937
10880
4885
13551
9183
14348
12981
3567
3548
797
791
3844
2631
12192
5645
11279
10491
9110
11051
10377
7533
14742
8546
7528
9030
4259
299
10010
3301
2038
1985
6102
9861
10463
11471
10037
10272
10249
2147
11305
4077
5968
8621
10212
10688
348
10389
230
8229
39
2153
12066
11881
3153
4684
5137
7004
10337
7101
12323
11415
9008
2759
9143
2996
1149
4255
3109
11590
1731
5800
13219
1606
12627
6901
907
2031
13950
6207
6559
6216
10907
6495
6436
8058
14636
1169
5125
2338
13267
6537
11774
5781
5447
7430
12888
7216
4359
8088
4913
8230
10430
14502
3951
13531
8449
4181
6536
8060
5782
812
2983
8215
3988
5577
14860
10129
1251
5288
8709
9443
940
13113
8010
2006
10059
11817
9656
12860
9246
9866
6352
1262
1308
10031
6143
8787
2961
838
10845
6599
2396
138
5318
2081
14992
3245
8231
12814
2295
11033
5834
836
9720
8247
9074
5976
2459
11398
9658
11384
8416
8047
6988
3251
1408
14054
4704
10477
5097
11883
12897
353
8545
3740
5440
13687
4231
8086
11831
12994
546
11054
363
14824
759
2238
8543
936
406
1365
2810
4086
3906
10897
1137
6672
3668
7365
8150
4108
2750
12322
5960
4747
8155
5350
9768
13763
1201
3172
2015
4967
10893
13329
10495
11364
4430
10782
2586
14058
3184
4930
13681
6694
4138
10540
10869
7409
437
11200
5103
9172
4743
13769
11212
2240
5352
5943
10229
14325
8885
6590
6704
10745
8175
12108
2488
789
4309
12892
2183
9203
10749
4390
14732
3108
9094
8952
709
6439
13565
11608
10163
8270
13126
10266
930
11989
11413
3323
5120
8805
13956
7427
6242
9708
7083
6579
14893
2664
2920
889
8708
4532
7986
599
3643
9780
11818
6134
10517
5464
8067
1514
7408
9425
6030
8666
6095
5019
7530
4820
3140
8765
13453
2640
7034
12719
8971
1152
14937
13910
3176
9913
3745
5202
7801
5938
6360
2959
117
11301
910
418
7249
2266
8610
11242
14949
10837
7117
6648
2179
7424
7757
7546
12639
11023
1452
3263
7489
1243
513
1935
14345
7381
738
13388
14858
9426
11916
6330
11432
2822
2307
7230
1732
14976
4300
696
926
6211
4782
4688
6363
11418
3187
9854
14386
7814
3319
5719
472
1150
12259
8290
5286
3947
13971
2656
6478
2402
5731
1200
9644
10914
3129
12461
8870
8749
14653
9210
11598
11717
919
14930
9839
2695
14392
6056
7495
898
3169
5302
4267
4375
7327
10273
5264
7354
2800
11288
13700
6178
4825
14939
649
7061
8681
1284
2418
7020
53
14533
2900
4041
9543
14208
12986
4206
5562
12974
7239
9052
10177
14046
13557
12451
4583
13602
4788
5115
4697
13743
11201
9241
12001
5373
14769
9710
359
1721
6147
3086
12385
2974
10522
6175
6997
5940
14577
4903
11126
1376
13470
6660
11864
256
1175
2424
8896
1918
10474
10040
7425
5708
12638
2930
986
5517
8612
13490
8672
11251
13637
3607
730
6699
10870
3186
10283
11192
13838
11096
4483
7290
4399
12301
10093
5257
155
13932
14509
1333
2261
8985
10418
157
11480
897
1474
13057
397
3208
6637
1911
3019
1115
5737
2992
14394
6265
6504
3074
13502
11675
11368
13839
1839
13992
12508
12660
4727
12448
9649
9738
7100
1039
10643
9874
1592
14200
10201
5243
5679
4467
13785
10511
4324
9041
8472
110
1772
7022
3919
8841
2395
13038
5383
9136
11923
6005
12254
8814
9903
4338
1374
5320
9634
10601
9221
295
6772
4121
2525
8884
6193
14294
8724
843
13872
8753
12801
7332
5127
8177
14303
8995
1429
9047
1481
10692
4393
728
9382
7527
8567
6301
5200
14901
11935
10877
3694
14127
2833
10309
3598
1771
7352
4180
12423
2291
619
2716
3383
1360
9891
7854
1009
6759
5483
4871
13169
12046
2624
2392
3902
8028
54
13963
14097
9458
13941
5519
6889
1676
6184
9962
3836
8199
5236
5520
2217
4471
8531
2215
626
5171
8222
7026
10631
10580
4090
1143
5902
9979
10810
10044
8033
10704
7763
1792
6314
6387
7017
697
14363
4791
3513
5057
9269
6958
7198
6116
9211
2770
4404
11092
12965
14417
2650
14842
10432
4896
6707
9931
10527
3712
1265
4492
7635
7820
8316
5374
8413
3
4781
7181
13319
6391
806
9983
2903
14684
14600
10184
13634
1364
5841
12056
2639
10919
4116
1960
8243
2638
12304
11825
4987
8579
4752
3045
1356
10515
10277
4549
887
758
6249
6941
5303
12658
9654
7236
1174
8136
8515
9609
6346
8883
10740
1895
3764
7999
1996
2491
2503
5277
3893
1079
2151
13708
12369
12159
9010
5028
2499
4331
13505
9320
10733
8527
12973
9939
8880
1740
997
3050
14245
6025
9701
340
1348
1084
6320
9364
12282
11134
14815
1851
2043
1182
3423
781
5721
11539
4165
219
11744
3043
2111
232
5767
3901
1158
8697
2866
9169
954
7
11900
1058
5786
11250
4989
10830
3689
7446
12268
7959
6691
5805
4070
8665
8932
11910
4632
2017
127
8313
14448
8992
1500
10565
14258
4636
937
9125
1762
5401
5232
938
10648
3991
4190
4291
9829
7887
11834
3300
2797
2435
1640
5466
6366
5801
12962
2972
10019
8663
556
1551
2880
11559
10939
9344
9595
8964
4290
14196
6927
11267
12332
12463
1493
124
9242
9633
2220
5979
10557
3047
12288
1868
13778
14778
14410
10501
3875
3748
12088
2297
4937
4286
3346
1088
7098
269
3492
4588
8967
11460
5715
6441
4888
11394
10700
6875
5434
7358
14862
7622
9197
9349
7054
2907
4261
7213
4005
3671
11562
14837
169
6451
5090
13697
12736
6689
10529
616
1853
9719
14713
5087
13044
10753
6000
4668
6379
12702
14107
5984
6209
12452
13119
9255
4119
6555
476
14197
12468
6510
1769
7280
6657
14447
8591
9273
12637
10132
192
7215
14439
11508
2198
11684
7091
11338
6496
1969
3596
1051
12735
1776
3005
4367
4448
7620
3648
7385
10909
8990
6970
14159
3895
10281
3595
10575
1527
8568
9236
6775
7769
1269
4256
10874
7380
5101
3575
4432
2518
10731
905
6429
14383
51
13704
4126
3627
4534
4204
7970
12039
6752
10206
10727
12790
3466
8649
13140
3389
710
3997
3061
1964
2909
12033
9250
6840
1648
5266
4277
2568
3404
10672
10260
7730
13641
13411
3579
13705
11942
8298
8642
3768
9991
6491
10678
4289
11990
14120
9974
2233
2794
7362
13247
7645
8524
5955
1345
10039
14404
5084
9082
14092
12924
2446
11839
12296
4990
13200
5445
1337
12838
8548
1338
11741
11347
14706
13630
6361
3026
618
7573
8285
6231
2326
11743
9767
1612
11948
6235
13587
1845
10299
14420
1131
11084
4205
10520
12606
2873
3391
10005
11340
14967
2187
10600
3701
9915
5535
2942
13643
2523
2784
6045
2005
444
6558
11382
12392
7581
4260
3437
5030
2710
796
5869
12776
3781
11129
6877
13475
6456
1132
7382
3007
7943
251
1638
8034
130
239
2271
9740
3302
10911
10120
12840
13400
687
13514
9406
7320
14164
10863
320
6792
2655
8804
3957
4544
8731
4812
785
7168
13436
14556
5271
9361
11952
8147
3164
4155
12053
7182
10650
8526
1708
2584
11253
6125
4229
8882
5357
11841
9803
13356
2730
13890
14041
6303
1959
5425
8562
4644
7267
4163
264
7121
5995
5508
6395
5706
2902
8089
10924
1194
2195
13205
7501
13860
1242
3747
1809
14881
4715
9228
2968
8710
12182
11252
1145
2694
7783
4373
2607
1916
14845
1737
8294
5263
3921
2229
6085
10131
13401
2148
6780
14755
5639
12741
9927
11589
8419
12960
1259
8933
6909
8319
10243
10135
721
3368
13897
6010
12116
11404
1995
10426
6469
7802
6718
9479
3450
8648
5959
4141
10997
341
10221
1092
12222
1526
960
4751
1147
7766
2042
876
13552
9464
7551
376
2665
12955
11838
13786
14274
682
3871
7483
4508
5474
12663
88
9118
14152
3289
4857
868
12767
3049
14042
2707
9794
2561
8194
14613
9154
10016
1485
7439
1758
4134
1420
313
7082
12886
5261
1029
11987
380
12488
13492
13197
11276
2013
7569
6226
11220
314
2185
2156
11360
14884
3847
7140
7798
4091
7669
1617
12204
13178
10652
3053
11209
158
13577
14217
12925
12598
8405
9967
2278
2368
5153
932
14633
13326
1501
5627
9286
11876
11312
1934
10111
2514
7591
11522
7899
14896
13359
4554
9017
11115
10668
2740
3672
1281
9414
9353
9665
13840
14880
7700
11653
2787
6199
2493
6554
6430
10766
11520
1471
3877
11245
12363
6374
13873
11467
7760
12420
11552
13751
12970
10395
4523
4215
3703
4840
11551
6573
10033
11901
6414
8143
14569
11867
9569
8707
11257
5506
8426
4861
4584
1632
4486
12822
7088
5417
8108
13020
9311
2856
10123
4900
9245
3733
2365
11319
11627
14434
4964
6109
11196
3183
777
1000
12836
12092
10363
2852
9261
10920
14160
4406
7222
9167
2431
12666
35
8725
7604
10788
1318
2415
11445
8189
1477
1743
8582
6651
14642
12336
12802
7047
5341
8529
14722
12069
9593
3370
7616
6201
5007
5221
13466
6705
7298
11865
9252
10743
1439
14025
890
9990
12003
5163
11455
4686
8244
1497
6686
1954
2591
1240
14267
7966
1125
1951
6233
11626
13604
5937
13188
342
6628
5059
12318
11254
8156
317
3039
9314
9013
1404
6036
4605
5564
6172
471
11238
14029
2322
11293
4620
10761
8248
11914
1415
13829
14869
10711
11579
9288
2417
2200
10009
4979
505
7809
14597
8214
1403
9773
12600
11210
501
6962
11344
8351
10571
3911
3925
8757
11438
13138
1389
242
14292
2007
13737
3145
10056
8443
677
12961
4670
7738
12593
4833
5756
872
3765
2736
7773
4572
12107
4980
540
14639
13990
13118
12293
11452
4995
9004
13904
1760
13440
10233
10210
5351
5217
1421
2095
3387
2924
8355
5095
8519
3833
14430
8908
10537
6310
5363
9090
4320
6895
6870
326
9088
8310
12144
2889
3743
8440
9788
13121
7447
1724
2510
290
2066
3229
7582
6664
4497
13977
11025
4117
3362
9061
13814
2951
13995
13304
4843
12906
14414
10582
8076
8540
366
7981
5729
9612
6848
3350
10661
4144
8729
14286
7176
1729
4420
12270
344
3887
1745
8452
12489
6872
12752
14412
11768
9192
10420
579
3837
2412
7774
6401
5360
3964
10697
5774
10614
7696
2531
8954
2953
13203
1523
1664
6986
3793
9097
1625
10444
8400
11329
883
9076
11543
3203
6136
6227
12511
6753
5725
2997
4996
5322
6914
6479
1703
9318
13286
939
10719
14157
11307
5209
6425
11671
4454
1736
9577
14843
9828
11485
14134
4530
3799
9472
506
11572
1075
59
12704
3046
5364
1635
12076
8931
14521
3333
11685
9718
14349
9347
8221
13109
13629
11531
5730
9135
14031
1203
1099
12646
4363
1464
131
10589
60
8659
10569
5750
659
8910
9542
14141
312
220
11325
3285
4150
5910
11903
718
681
2575
12164
10566
7014
1984
6054
13782
8903
2294
6449
8225
2346
4154
6861
9495
4123
7936
11140
11333
4228
699
12290
11949
1252
234
8866
5611
9181
3089
3755
8800
6662
14211
11659
11026
8934
3515
12147
14186
13553
13015
4437
3905
7872
7964
13485
13103
8017
10916
3225
3943
11400
4887
5720
10079
2473
2172
8183
7282
1411
2432
14931
2815
8116
1961
8097
9538
1767
9726
5819
354
4731
6771
6551
14791
10695
1316
9812
11098
3786
4311
9482
6463
10409
12543
1407
7077
2646
11317
10730
6493
11229
7918
4742
7736
5973
6940
3376
10454
4164
6892
13086
14955
10338
3092
3016
6541
10679
2
5389
12064
6342
12621
5001
1309
1077
7511
4081
7695
338
485
10018
9850
6215
7163
7184
9253
13378
4846
11573
11198
739
1460
11487
174
4622
6653
11549
8758
491
6253
13347
5443
5349
1256
12374
10654
4142
12000
10607
6905
13227
9853
4581
11869
13926
4707
884
10981
2008
14021
14583
11515
14181
3626
12370
14731
8220
6864
3417
4279
4880
11785
14921
11951
9494
14130
6047
1065
11346
14584
5407
11844
13198
6990
12972
12129
2414
4111
10581
2053
9373
12113
13018
10248
2357
1154
10625
8558
6437
7627
187
9505
6228
9797
4191
11899
233
4202
5885
12745
3804
13071
9858
14170
6472
7038
11291
10627
1223
1192
8223
12687
7762
10439
4482
10421
8358
7463
1768
7113
468
204
3193
2070
5249
10049
6002
946
13235
4748
12498
9632
6733
5073
638
1040
9639
3725
7900
4235
10596
5545
7579
2364
2051
12124
6608
13212
12091
610
13622
11085
4157
13527
2669
9124
6144
1956
13412
14321
7085
14641
10815
2717
4606
3873
5005
12940
10121
13003
12073
9394
10067
10835
6012
3396
13257
4672
2763
8217
547
34
5187
14770
10531
11169
14830
3541
5328
911
6378
850
4827
1375
879
13740
1209
8080
11683
2793
2671
13555
5768
773
568
1686
5106
12122
3296
4756
13784
6447
21
6778
2731
9827
6575
391
6229
367
13225
14671
13642
3327
14894
9045
14309
10475
6693
13606
10364
72
3554
9618
9362
5345
11322
12708
8928
8506
3880
41
9563
1570
14226
6954
6855
14581
1749
13013
3645
7214
4982
11596
7610
2413
5551
10639
13835
11622
12248
4394
4105
1220
3056
3244
8596
6065
6497
4295
7207
14496
10025
10142
4949
14090
5178
3188
9887
6893
5925
5224
1465
3136
11569
5036
2212
4518
8771
5888
5068
11564
2371
8671
12688
4893
8434
1823
1369
1869
12232
10620
6588
13283
4100
4257
3761
6325
5412
4740
12679
14652
5873
6917
12518
12831
5658
11642
11620
6145
3547
10307
2661
9804
9019
955
7316
11712
13493
3217
1812
2409
13160
12153
4455
10735
9774
4003
6755
1991
6887
8657
11414
11546
12358
2010
2184
8208
4787
6813
11859
8550
12016
3693
2677
8466
12875
10268
5382
14358
600
7040
9523
2119
1821
3438
12295
6271
7540
9657
3855
4520
1017
13271
8522
2827
7603
7300
9522
2323
13072
14734
4127
2191
2786
5700
11136
1121
13159
2958
5575
14101
13317
2734
37
5161
12623
2242
11597
12051
10386
6282
1368
4746
962
8897
14517
118
6971
2188
8722
1650
11577
6890
14167
4443
8901
9501
583
14495
8327
9412
10164
2443
9365
3432
9975
1010
4304
2758
11790
6617
4614
4531
4298
3335
582
11616
1684
2228
10325
1778
13811
9791
5798
13836
6250
6126
3830
12145
13617
11484
4047
6741
8678
7688
3274
13589
6018
7648
12460
2844
9220
9717
9728
7208
13735
6530
9290
8401
6880
6801
8493
688
3367
820
9571
9905
10742
7687
13097
4901
411
1151
5291
14714
3867
10848
3900
574
12891
10047
5491
772
13162
7189
8712
14291
695
6542
6398
3520
7673
5230
255
5636
14640
8517
2289
10720
3480
6086
1942
7060
12645
13407
1846
12754
4103
5796
4370
2199
14338
2478
8476
1614
14882
8655
6948
1206
5218
14478
7630
8778
1216
5596
6803
1931
1936
56
7587
8411
30
9642
12832
3131
5048
9733
3664
10726
5766
3946
810
5542
7859
4252
1248
6461
10927
11495
7595
6373
6205
6170
9417
8624
3098
7238
5293
12544
10496
7287
1811
2778
3215
2642
9628
11851
4858
7050
10675
7685
3001
11504
8955
5853
8473
4852
2394
175
6600
3586
4735
5226
12218
7153
11462
4377
8282
12030
1296
6854
4512
12481
14326
11674
7571
13432
2382
14191
10376
13672
19
7980
5709
10141
2421
9093
14991
7372
2676
14944
13095
5589
3488
9558
5905
8463
14702
5138
10872
9772
6925
11235
2469
9778
8680
4251
7219
6309
11808
2358
4705
1227
11534
13688
8073
7232
12811
11848
1053
885
6365
3305
2378
11704
8456
6426
14295
9327
9986
2308
12833
1805
1340
12817
14961
7090
14125
14426
11357
6078
2102
2703
9475
11434
14177
859
11144
11151
9436
6572
8382
13982
2980
2783
11558
11430
1170
10448
11519
12878
8170
14183
13742
6486
7693
7356
6173
9071
10384
5228
1722
10449
11584
11468
8617
1830
3981
9503
7000
12620
6208
10818
515
12208
13913
11419
1508
3214
3913
1277
12804
9667
14973
2998
7471
9816
6289
3762
14594
6033
6528
12807
6904
3663
2697
11828
4025
14513
12872
10043
14681
9916
5246
8079
40
12969
13701
12093
8585
2589
7800
9910
294
2437
5438
9819
2708
8847
7001
12117
12608
752
10785
1828
13507
316
6386
7778
373
13719
8180
1218
5795
1604
5272
14545
6685
2621
9262
13930
5606
3102
11512
14360
13221
7450
13964
10479
11513
1979
12867
5020
7920
7147
12022
12389
11224
6177
8204
14316
7544
12854
12138
213
13489
2150
8337
13391
5186
9437
779
319
1946
8249
8761
6450
9306
10002
3735
12862
8684
7958
14050
1126
5748
12722
8824
14895
14104
11824
6543
6295
4089
14670
12777
7514
7934
3780
10816
7987
9838
10636
11913
10567
8100
5167
4052
7422
7310
9289
4779
13022
7272
1339
249
13756
2551
10360
13556
11631
6129
1254
14676
5569
2460
3763
14591
6825
3802
1469
8756
9027
514
6824
8399
4451
7443
4647
14367
6625
12269
1910
12157
4313
9439
10702
14026
11638
1966
6697
14213
10173
13080
11034
787
10595
1662
6255
1228
2264
6946
1926
9050
5347
2653
5670
13494
12912
14288
1696
1651
9533
2362
5353
14379
5570
537
8863
708
14174
13005
14692
9316
8701
9527
6323
3707
8959
8919
3653
4822
2680
2599
8260
5810
13919
13795
1615
2496
8487
10410
10094
6719
346
10985
5997
6007
1311
9973
7707
12103
3185
9518
8103
10801
10371
1286
7811
4343
6984
3916
6650
3966
3577
2140
6911
1334
12207
3969
62
2883
9296
83
14248
14956
2252
14567
1478
1266
1069
9989
6445
2686
9065
14801
14952
300
6481
9178
11148
273
214
11071
8329
8331
12486
3729
205
9168
10686
12101
4601
13572
8686
8453
3736
8942
14467
10355
14559
8857
9264
2189
13243
10280
13967
14452
6743
3889
11274
8480
6364
12662
9223
13012
13677
10379
9328
8437
4498
11516
10795
12513
1522
7130
8149
14018
13050
10336
813
5866
4143
8342
14872
14060
11528
2407
2668
8404
11929
14848
13543
3121
895
2146
8881
13616
12715
12142
6634
9875
7580
13194
6955
10576
371
10624
222
9474
7018
8838
8542
1032
10372
10584
8718
10333
9676
8637
1857
13499
2936
11730
12622
6180
4675
8853
3378
5029
5368
13875
4628
3344
14552
14756
9423
4084
6212
262
5503
11395
2877
1932
7923
279
7905
7353
736
14218
11466
11050
639
928
14915
14255
10836
13871
3075
12792
10424
6640
13398
10374
1097
9208
5371
6509
9034
8597
904
7590
1980
10193
10159
12357
4920
7419
12556
10936
12106
11836
9297
5441
2674
9920
14257
8625
1258
14726
11046
13820
3146
11458
14871
13459
1704
10300
8574
4994
2962
6837
1352
14717
8334
12121
7756
14783
10335
2354
11752
10362
8417
6644
891
5451
14851
9846
10413
2790
13991
3054
11256
3985
10176
13770
2949
13867
4371
5621
13416
1781
10162
14163
14036
4130
7628
6084
10313
4739
3028
3537
3760
9801
14685
3858
13582
7062
7994
8024
14048
2494
13846
3436
7565
3861
6403
13462
10611
866
13790
11108
14609
6009
707
145
14715
8902
14510
12691
3728
2807
7910
1835
971
12049
4831
14145
12429
9480
10072
3458
11433
965
14144
1981
8788
8478
14724
14615
3475
3618
5061
2186
6512
9150
4500
6816
14697
11566
8846
13948
3135
8202
2685
11105
8485
12384
5597
7598
1909
13844
10119
13059
13036
6484
6850
5592
10912
6307
3052
7044
7112
8119
11488
1937
13193
4177
10755
13813
13040
3316
3630
1992
12418
1382
4082
3371
14380
8165
7449
4771
7995
5965
13845
4709
8148
4171
6614
5903
13031
12996
12572
3206
6417
6384
13313
3776
11776
13361
1142
1677
7973
4890
1037
2064
6459
7744
7288
435
8518
13883
2809
1455
1307
13421
12274
5607
7148
11657
3959
11701
10490
8581
642
1031
8441
6785
2886
12946
7676
1829
14570
12839
7509
2170
735
2340
1794
266
13671
6585
14228
7884
2540
10843
14289
7517
14000
3377
1917
9368
7914
1335
11437
10331
3894
8373
10862
5994
13311
2657
2515
1528
13522
2905
297
9095
2167
4542
7389
12199
5014
10984
8907
2083
12308
6502
3491
3778
4043
9358
9427
2097
11599
6973
12184
790
13211
4273
2310
6980
5998
9343
11365
2349
13130
3805
13305
12504
1933
5622
12633
1323
2001
9700
14790
9756
862
1304
4863
5098
13230
7731
12564
13277
7432
2319
1083
13515
14883
8233
8185
9893
7689
14818
2255
13328
2919
12528
5711
14075
11266
2767
2428
5145
3044
1599
13300
915
3117
648
10682
3670
7607
9848
13847
1624
4509
12976
2682
14234
474
13626
6598
14494
13569
11758
5860
6266
528
10667
5717
7073
1988
6015
3496
3126
8533
8281
3608
11122
9446
10593
14696
335
5485
8656
2652
7166
12300
10868
5629
5134
6034
12217
6326
4921
8557
7720
14066
5049
12188
6167
5307
5742
13613
6690
13866
14256
10077
1633
10462
11555
3578
1267
11613
8050
4642
10777
10215
14710
9341
2604
13451
4551
6287
10312
3474
6234
6688
5488
770
3864
10505
14049
1495
11091
7157
13464
9369
8736
6240
7145
9682
8970
10608
14207
4969
4789
8569
10254
1585
14468
14194
12455
8714
8209
4403
9575
14536
13217
3012
12156
13771
8584
9587
9764
13578
4604
12610
3874
5411
1022
12629
12933
2966
14365
12746
841
6327
8126
4624
10014
6174
7436
8246
8267
13444
4385
8068
4744
11412
9060
13987
4410
5100
11163
1525
8639
11356
4546
12255
8035
4924
13623
5657
8002
275
5929
4292
9573
8844
7855
13360
13593
9303
6256
8477
8803
13647
10330
13181
13058
14023
9080
2683
7006
12485
