4994
3602
422
3022
4523
3162
818
4450
4640
3263
2253
2492
3130
3189
4567
3878
1363
4103
2826
3039
4823
4529
1723
687
3398
3657
2490
1165
4457
3034
136
2363
173
2105
1616
2296
513
1742
201
4256
2486
1710
3943
4028
4954
4878
2471
4382
3180
2996
1803
3824
4296
2948
815
3205
203
2200
1738
4026
1890
4145
3092
2073
7
4166
3325
107
4584
1077
4184
4096
4692
4781
4510
3146
2273
3933
1111
3601
3803
2234
2013
198
798
1548
3528
984
2041
2883
4376
1900
896
2430
4114
679
4881
2822
165
3906
2155
4941
2779
91
1083
4628
2915
1283
3305
2159
3424
812
507
2736
2985
2087
1134
4359
693
2622
3101
4618
372
2686
3994
3202
1927
3863
1416
401
2850
4073
1819
3098
431
433
181
3938
3898
615
1948
559
4218
2832
3639
2699
2987
1945
3306
2604
4664
4215
1276
4884
2756
106
1539
780
828
2362
3479
3041
3148
4429
58
571
4885
4668
2138
1641
1602
1041
3795
2389
2315
2377
1396
1024
2568
2491
3349
4219
4035
1500
1255
2629
4513
121
3772
1423
2436
1096
4528
4775
3629
3700
2541
3884
2787
4956
2226
2096
2008
4328
47
4015
1465
2605
3714
2028
125
2358
577
3961
610
1285
3252
2717
4412
4396
1732
1621
3512
1357
3156
3756
3538
2852
4078
1832
4725
16
1191
71
911
439
1581
923
3371
1779
720
1523
2093
3402
4785
162
1409
4399
2161
3315
3771
3646
2590
1281
4063
4830
4837
1447
497
4456
3693
3426
3506
20
3571
1530
1178
4445
895
373
874
3396
722
4599
1888
1521
1933
2569
4185
1950
749
4987
1265
363
605
1704
3929
2272
3127
3600
3515
1197
4197
253
1769
3695
1484
1640
1406
314
4186
4812
748
2095
3610
1108
2783
2791
359
3428
456
368
337
3744
2800
1355
1634
1762
1749
3839
1855
420
17
4609
995
2743
4435
2827
3254
2615
1596
231
79
1938
3313
3674
399
1766
1870
339
3761
725
1289
4826
1181
4315
3856
227
4958
636
2265
3510
2285
831
3937
4605
2718
1006
3641
2401
4841
2876
4906
673
1472
1059
2606
2391
3471
3298
4925
4425
2614
2864
4267
246
151
3867
3164
1552
1237
4530
2512
2360
140
4383
3365
3336
4494
723
4060
4601
1695
366
2020
4532
112
4087
1129
1215
76
1448
3962
2079
3914
1833
4058
3276
4325
3575
1218
745
2065
3018
3954
4082
4659
710
1359
922
3583
3702
1553
4803
4428
226
3889
3650
4594
1320
1417
3940
2074
1663
3408
3535
1424
2665
367
2778
3643
3155
841
1346
2668
429
3035
3300
360
2407
921
3732
4825
2344
1588
2921
4463
2967
2809
4329
1177
315
4095
1287
2307
4729
565
2109
350
1141
1765
3909
4511
2466
3804
1132
1625
1520
141
3568
4990
2640
1536
830
3431
4204
119
522
155
2803
1716
1978
1180
4926
2301
1990
2483
3944
3888
856
3248
2484
4189
1733
543
2658
2479
2511
3757
2071
845
3081
2026
4119
2116
61
4889
2829
3010
5000
3223
4290
4292
640
681
1694
2610
66
1784
4499
3791
2449
2773
1275
3415
29
2355
4764
3968
1984
3050
781
1775
1982
1163
4959
4588
2896
3540
2596
4217
4180
2489
2240
4433
3567
3388
2845
4415
4479
4106
3239
691
3065
4662
3896
1734
1620
2141
1117
3303
612
4239
3668
4302
1865
3780
4503
2974
2123
4013
1563
2305
546
2299
4844
331
1471
4553
2383
4892
4805
3692
3
4394
2184
4354
3617
2425
3089
4827
1003
333
1104
536
2043
3493
4967
3598
2887
3348
1436
2371
3042
2858
709
4879
4045
2379
4732
3184
2673
4962
313
1321
4870
3523
1464
4685
1540
1040
4203
1157
2874
3342
2872
2292
3801
2302
2325
3797
1582
2002
2004
1410
4213
2538
1488
2708
2422
153
821
3525
517
2679
4397
2741
2519
4097
4900
1304
4675
355
3829
4477
4522
3168
1037
137
4979
1772
10
455
1681
132
4079
1872
2793
4291
4149
1266
2540
2971
4250
4581
1080
1474
1939
2954
3224
2337
3466
4733
4473
2563
2476
3103
925
3282
19
4723
2423
4224
4233
3805
3153
4012
4715
968
3660
3588
240
322
2522
2755
499
4731
962
166
69
4617
4152
2
40
1795
3590
4918
4120
4608
3534
3722
3475
2196
802
4824
3495
593
365
144
2097
2868
3720
1880
2548
4786
4856
1998
3991
975
1135
207
4546
2935
3157
2280
4252
1928
991
2237
3491
1914
4118
2374
1370
2462
3860
4686
3228
1008
3492
1007
2298
3422
3637
2171
2600
319
1491
2270
3807
3460
3358
3634
1098
2453
4378
4274
2524
966
4576
742
1791
1118
2653
4227
1045
224
1100
3390
3395
3930
1546
868
4020
1301
4107
4984
2411
2885
905
4606
204
4167
4379
44
4088
887
4872
161
3905
1063
2617
1147
3972
657
840
4930
1476
4495
4788
1930
1631
2518
3204
4455
541
2506
2910
4422
2567
817
4337
928
1221
2361
3773
3924
2866
489
1525
2291
2154
2040
2790
2552
3177
1362
2293
85
4264
2277
4575
4117
4876
1440
1444
3006
3392
1714
1729
557
889
637
421
1223
3619
1222
334
2231
2166
2730
3145
3530
2578
891
3063
1133
356
2661
3152
4842
2959
886
3469
1343
4284
1091
235
1802
1443
4762
243
4448
3350
3173
1974
3596
2932
1597
1269
3389
1055
799
4935
2875
4639
1032
4263
2580
824
1593
329
4642
2103
3537
2335
519
4137
3128
168
4154
2048
4752
3861
4961
883
2527
2416
1125
343
3605
2023
270
3855
57
2398
1797
1252
1709
487
712
3893
3043
2586
3060
1547
1394
4539
1258
3577
3770
4282
4225
3844
1886
1587
2447
797
2924
885
1967
2744
2435
4064
4792
3220
775
324
1245
3832
4753
1700
3439
2122
2691
3689
1718
4614
2457
2446
3302
2180
4982
703
4604
2156
2810
3835
663
143
932
1608
918
1861
3129
573
697
1375
2046
1874
4297
2350
2560
3246
4860
3611
2979
2869
4666
297
4759
3140
3675
3304
3976
3969
4700
294
4459
4768
1706
473
1262
1247
379
3742
3332
545
454
579
4814
3775
1153
1810
4367
3210
1632
3335
3917
2516
2761
656
3895
145
909
25
3547
2805
348
1644
2824
1894
707
665
4774
4177
880
1615
2798
2754
4740
2546
2833
1902
3174
4389
1481
4169
1992
2286
344
404
740
4867
3691
4347
4005
2581
3163
1079
22
283
4341
2502
1149
1586
1463
870
1940
1629
3713
3387
1274
1711
792
4852
4161
265
4963
2255
3111
444
4411
793
2249
2584
568
1645
2221
2786
191
2317
2201
582
664
202
1952
3079
2213
1205
3440
642
969
2683
3701
4923
2287
1904
4121
2384
4696
2788
836
3230
1013
1822
4865
4047
2577
756
726
1234
2499
442
4387
2564
4500
3950
2804
1110
4342
3642
1351
4896
3119
1764
2507
1569
3524
881
1399
2470
3887
1905
3508
690
3251
50
666
1973
3970
4942
4000
4010
719
4971
4571
2735
264
3892
1692
581
809
2843
2917
4807
3433
692
796
3603
2531
3379
4978
3338
3394
4644
4075
2130
1550
3543
1747
1270
2465
660
3545
816
3113
4253
1527
3411
4535
3916
2644
3410
4577
1433
4798
4094
3353
4690
2220
2248
2329
4278
1137
2740
3609
2351
3858
1187
1840
2988
1217
1828
1345
3406
2836
971
4474
3186
3681
4721
3206
4043
3049
3877
548
4231
2472
2817
4940
729
4377
3654
2343
2641
2322
3364
3553
4573
1801
4521
4443
2949
2794
4533
1893
4298
4255
59
3560
1380
1199
1295
3719
3891
4243
3309
842
2655
2034
3376
4407
3435
1089
3864
114
2992
1686
3711
1842
946
1979
1344
4760
21
2117
498
1722
1630
2210
2589
255
311
1452
711
3786
3323
1971
826
4104
4952
4772
645
950
3283
3368
2224
977
1792
3311
3793
4583
1821
2857
2214
389
3555
3278
376
3291
3473
4066
865
3736
2137
1210
3207
4018
3316
3662
258
915
3320
4890
2517
1598
4116
4627
980
4351
1048
4311
3160
3964
3677
3275
803
1313
3953
1781
807
3258
169
4361
3218
2734
2125
965
3352
2151
907
446
4331
4191
4384
2199
1875
1001
4301
3595
4517
1318
3519
901
1067
1997
1136
3819
2636
293
2588
2574
1142
3436
2947
236
1892
2146
1528
3985
4859
4453
3233
2271
4446
4409
4004
1685
1439
2771
3373
1659
3934
4737
1675
4165
2936
1162
2834
2888
646
2523
4621
3451
1213
3851
4542
326
1812
2831
3017
4316
2450
1891
4899
588
301
2263
538
653
388
1774
1798
2892
3494
1185
1962
2990
4440
2424
1618
4569
37
3488
1969
4212
3900
1388
381
822
4789
2494
340
2278
1229
4229
4880
268
1290
2842
2262
1917
2616
4257
3729
3185
1941
1545
949
626
4693
3640
150
2698
4419
1697
2372
2182
2701
4254
1956
957
2088
2989
4404
2346
4742
4385
4711
377
3541
4349
3763
3468
2119
2547
2121
2241
1551
1279
83
2601
1673
861
3837
3854
262
668
4406
3779
3886
3328
1906
1200
1253
1021
3403
3633
3125
3572
659
4975
1815
1549
395
4461
2444
2593
4595
1687
903
1901
3405
890
1453
973
3975
2652
468
221
2458
1847
4187
336
4496
2651
4769
2732
516
4828
4738
3731
146
2015
700
1224
3330
1589
4695
1239
1964
411
1699
1638
4059
2991
4084
4974
149
979
2235
4248
3196
1923
2913
4198
563
2656
1311
110
1151
4916
1251
4006
4678
3584
2310
3694
3287
2733
4471
2561
3899
607
2802
3179
2219
2837
2195
4913
933
4390
4368
1807
1273
3499
2442
4795
1458
4498
3717
118
3578
3448
228
1267
1477
2919
3874
1975
671
9
1667
1092
4143
1853
1031
3939
3620
358
1194
217
1558
1062
721
3093
4636
4514
2812
3798
298
2300
3647
578
4944
2349
4307
599
462
2603
2612
902
695
2311
4326
4886
3739
2203
2402
670
1736
1705
4993
2542
2333
2647
1449
2863
1759
2365
4585
1931
4950
1636
4431
3580
4142
661
1146
514
3314
2294
1493
2052
1087
937
3796
3135
1340
3628
4832
3980
4656
3627
525
3873
2559
261
1585
3192
4960
819
4163
3683
1532
2762
3865
459
3671
4029
4027
4093
2212
1379
1466
430
4416
3673
4241
1395
3843
3122
3285
4423
3728
4485
2816
737
2288
1606
3531
3124
4839
2259
4847
993
1302
1333
3290
1515
452
4632
508
4266
1496
1985
2572
4689
1502
1378
3866
391
1623
2297
2193
651
1562
476
843
872
4090
2635
3334
1896
924
1004
558
4190
849
2758
4320
613
310
1726
1543
2958
2382
4402
1429
4339
735
952
3703
3885
3812
4375
2897
30
2820
4516
3570
3955
2042
3726
1280
127
3931
1322
2357
195
2671
4344
1231
2694
2551
3919
4568
4098
2098
2080
4757
4708
1541
43
2056
4965
2768
102
1299
4527
929
2727
3021
1130
3842
3983
3973
940
942
2495
3232
4895
4276
3589
552
2338
287
2690
479
4488
4939
3814
4754
1707
2961
2952
3295
1683
3009
1202
3458
3559
1642
4591
633
4619
2167
1233
4201
3614
4969
2000
2925
3362
4289
3417
2440
131
238
3269
2536
4439
3225
2207
1565
4680
4373
4543
4102
4237
1887
677
90
437
1339
2381
1300
4813
625
2158
899
2972
1209
4209
4108
1483
4966
860
3715
3477
770
2359
2340
1653
713
999
4622
3234
1850
2702
2356
1005
3625
1401
2102
3996
2173
3361
3045
234
3236
4155
4761
774
285
1977
1866
3243
3741
2459
3289
2014
3272
4153
1652
3511
2799
2728
4139
3556
3509
4365
3522
292
1182
4220
3213
3926
4555
1908
1830
159
4883
3020
4112
2019
4589
2975
4030
2454
2894
3653
3351
4598
4868
3057
1386
2711
478
3438
3735
3520
801
1459
892
939
3040
4980
4912
2634
2064
269
4673
3990
913
528
1330
380
1863
393
2314
346
1932
2865
472
3945
3288
3936
3366
4875
116
1173
1468
3075
2587
501
3529
1427
4492
951
65
2591
1838
3817
48
4556
4710
877
834
3105
3558
488
2047
4560
2378
2558
2942
3195
2624
2928
3377
172
1084
3409
1107
347
3993
527
4831
1755
3317
3987
3132
4833
504
1026
1857
1988
2250
4497
2165
4565
4651
3783
2172
4694
2666
35
1050
3051
3902
4299
2951
2392
4288
3533
1485
4843
3957
349
4317
3585
278
4791
232
4801
3956
1617
477
2085
3070
72
1331
1883
3142
4771
4809
3850
1208
410
3828
859
2245
1127
3256
622
2243
3750
39
1122
3280
1306
4489
4687
2076
4072
4182
4380
3618
2838
4976
714
3307
275
1462
4436
2147
2385
4817
1674
3532
3032
875
3664
3958
187
443
1490
2630
2955
4038
2334
3740
1254
5
1758
1577
2895
3118
1052
3193
1203
2403
1702
4819
1643
1983
4670
3582
746
1103
1075
4410
1167
3645
1944
3318
551
1230
2029
1169
4392
4480
260
2815
4850
1954
1885
2720
1358
2497
1947
1560
908
4611
413
182
1434
2223
2525
2082
1844
1739
2409
1225
2189
2131
4997
4615
1145
284
1070
2267
529
795
2681
3170
2326
1277
3818
3212
4196
3753
1554
4265
3038
696
1376
1782
1391
4273
4487
554
2889
108
428
219
521
2478
4222
457
400
4951
2257
2648
2509
1611
4745
3834
2766
237
1054
2145
2024
3549
3370
4313
62
1741
15
3072
1537
1076
4048
4099
3847
4464
1751
4085
2998
3869
1713
2918
24
4230
370
2256
533
4561
680
4206
2413
3165
2823
3151
3656
1903
1637
893
2830
3340
1074
3102
1776
990
4707
1342
1057
1305
3497
2929
2931
4701
758
674
1414
4669
4506
1727
2176
1929
3138
3080
409
1957
1603
3942
402
4946
1820
1170
1599
398
2873
1566
2222
1257
375
2081
1825
1513
4355
2404
4871
3059
3416
510
3920
4714
3086
2742
4024
4293
3883
1628
3457
2112
4937
156
4704
2855
1584
2905
4223
4321
2050
4863
1018
1402
1601
1479
1760
427
4943
4262
1813
371
4304
4894
4314
898
2309
92
1390
2594
60
1691
3071
2537
305
3706
4587
2784
1168
4003
2646
1467
194
705
1337
2066
1487
4309
2086
1326
1907
3418
469
2134
1576
2420
4838
4933
1236
417
4421
576
1360
2030
769
1837
2482
3762
1773
306
964
3227
2281
4736
1403
3781
2244
3971
3445
3011
532
3099
2143
1188
3149
2903
765
4808
496
4458
2429
1899
2693
3765
2044
985
3104
4007
4318
2986
1834
1607
2405
4600
8
2780
4667
4371
2639
4755
3005
1626
2927
1260
320
4467
3301
3788
1407
3062
3292
4854
2729
4999
3517
4173
2336
3574
4663
3013
4236
844
3604
876
3241
4033
2854
435
4857
873
2500
82
3544
111
531
3845
589
1389
1735
2232
2208
157
810
2269
2007
882
4647
652
4593
2751
4269
4025
2871
175
1859
926
3033
229
4391
41
2878
3521
4820
4061
2532
2746
535
4909
1942
1456
1017
4773
1056
784
2976
2475
4034
3133
3992
1317
4862
3476
2680
1324
3809
2545
280
2909
1116
1958
4238
200
3308
3536
4526
917
3131
3733
4911
1420
3707
4194
602
1242
2477
3599
4083
2602
1308
1712
2035
4547
4790
732
290
2943
4312
542
1605
544
2445
3194
345
1826
2099
855
4199
3061
2908
328
871
4486
3966
1460
1492
1263
45
3024
4052
1839
3286
1824
1719
1678
351
550
4908
4283
4800
1799
3904
3981
1771
1567
1259
208
1246
1158
56
4032
1745
1128
1405
1873
1877
2448
4211
2721
4995
1613
2608
434
2005
1428
1748
4062
4758
570
4927
2230
1421
3319
1787
2473
1086
3631
3331
956
197
103
3868
4652
3420
3219
1002
3452
3696
3621
4364
1595
101
216
1469
2089
2543
2233
1898
3514
3242
2084
1354
754
3630
2439
3776
760
4023
3108
1882
3723
1061
1768
930
1119
1036
3147
304
4816
1090
495
164
1338
959
1649
2675
289
2753
4420
3120
3036
4592
220
1831
4564
3412
2678
4586
4426
4310
3890
2623
4815
1369
4836
996
4922
4657
3467
4449
500
2108
1099
4904
3096
2003
2770
4031
1047
3503
4728
967
3271
3579
4115
2017
3825
701
3849
3658
2859
3095
4947
3806
4295
2175
3907
4174
4081
1348
374
256
123
3088
299
2021
4541
3386
286
2877
215
2907
3826
1756
3875
321
105
3047
4077
1336
192
3941
1060
574
1292
1156
453
3459
3434
3651
2534
943
4054
2844
506
2797
4042
635
3947
1154
1143
4748
683
813
3748
441
1911
4914
2515
3998
3083
1869
4101
70
93
2254
1212
1480
415
4140
2027
1174
408
1441
2303
2685
2628
4624
2443
4352
4845
3346
3166
2503
2662
3321
2057
2135
2078
55
2038
1511
934
3266
4720
3652
23
2752
667
630
920
2719
2856
87
3665
3737
196
717
3391
4070
4127
2853
1951
2111
523
3345
4507
447
4014
1757
1201
878
829
1579
1655
2045
2550
4557
1046
750
4713
2062
2132
67
218
4544
4705
3624
4057
2406
1450
1835
2284
3644
1284
4524
4972
2811
1020
4129
4902
955
1627
2557
2609
4932
4242
1303
3453
2554
4067
3774
2672
2964
2118
1494
4945
115
556
267
3502
1972
2643
3823
1211
1268
2556
2211
3686
2886
2261
2904
1250
1851
4176
2054
1570
3421
4418
3576
120
730
3100
139
2882
3091
1690
1124
474
481
3106
1094
4596
152
1011
4350
1919
4712
3446
3593
606
4996
3678
811
1030
3778
4151
4661
4558
3484
2295
4802
3464
3397
2968
2938
4259
3810
1805
2613
3360
450
2433
2977
961
2140
1980
4641
418
1435
1446
3003
1843
2625
4319
1724
406
2318
2940
1660
2664
3404
3685
424
2366
1325
4649
3112
1244
658
3029
4928
3690
4797
4386
2738
1039
2722
2115
2129
4766
2380
26
786
4403
1731
1367
3881
2839
3199
3347
4653
38
4643
1372
1193
274
981
4607
767
1023
3329
2126
2980
2055
3270
771
134
3450
1538
1555
2260
4036
1
3927
3115
2421
4508
386
2209
4110
2785
601
3265
2937
206
1206
2327
3455
405
1966
4232
257
4706
4919
537
4148
4001
3704
440
2083
778
2749
3811
174
3587
3000
2282
2370
2058
4401
279
2090
3569
4362
3026
277
1033
2204
1226
1009
788
2364
2012
4360
2981
1383
3505
2582
3231
4388
744
1065
4955
1044
1053
2920
1816
2912
3836
2186
4002
4735
323
2944
490
3838
1575
4465
1293
1963
2818
3638
4660
4046
708
4634
597
978
2168
718
972
2965
2707
2585
846
1817
1297
1720
302
1232
1508
2229
1442
4897
4810
2032
3027
2764
4751
4132
1028
423
2654
4638
1495
2187
603
1319
432
4221
4181
1918
438
1478
3666
1049
3751
4898
3815
1291
904
564
4044
1572
460
682
2218
1377
4778
1666
309
3539
1512
2053
387
1561
133
2438
3882
1114
1594
3372
590
2513
1841
4869
2320
77
1385
230
4441
1788
598
716
2814
2091
1106
1696
3500
4258
461
1633
4501
2505
3978
4991
2776
3107
1248
511
1535
1753
1793
3215
4538
2946
2713
465
361
2496
3069
736
2319
848
466
1411
2323
129
4123
1856
4195
1286
4286
42
2579
3918
4305
562
1374
4280
1000
4234
1105
483
867
482
3139
3840
2124
2737
1909
4055
1189
1314
1534
3612
2667
3343
4648
3299
2750
2037
213
1991
1214
2067
362
992
4818
1867
4125
4998
1740
1910
4156
1014
3551
2674
820
2555
2657
2712
3274
1578
1356
4936
1516
4270
1531
1298
2757
1368
3564
2163
2963
4105
3790
4650
4858
2289
2313
4483
2840
3294
4053
491
282
2190
3247
416
4512
89
4934
4730
1721
1591
2149
2870
1078
947
1451
2867
3380
3594
34
4050
4502
193
1811
4251
2348
2185
4356
170
1913
4113
2774
97
3982
3841
4741
3738
3144
4846
1934
2188
3901
486
2367
2328
3908
4452
3743
308
4545
4432
644
2781
3922
1120
2275
4334
1184
2747
608
2252
4580
3563
958
3974
600
4840
2070
4727
752
4623
4829
827
1671
4793
3052
3447
28
688
3250
976
1858
2009
4294
3527
3007
3117
2983
4228
4977
604
51
1315
2956
1422
2164
825
4109
998
3407
2709
3792
4658
584
794
4454
4983
186
3635
2705
3489
425
3229
4552
4625
3802
4787
699
1925
212
3245
1166
4924
2376
1503
3413
4970
357
3659
2851
3208
3444
316
1256
4703
4134
2573
3684
4739
858
1921
4891
2801
4089
4124
1445
3425
1668
1708
4717
594
4783
1806
451
3310
4559
2120
3427
1529
649
1498
3169
84
2397
616
776
3432
464
3172
4271
3712
4327
471
223
1198
586
974
4136
4550
1042
2978
3337
2916
632
2821
620
1278
1183
247
4287
4091
1329
1730
3297
2923
1419
2726
3462
4877
4782
2481
2934
2437
833
2306
3915
1204
1676
863
4490
1473
4413
4144
2251
109
2598
583
3526
4272
910
4484
592
4179
2939
4610
2414
837
63
3356
2162
3816
3238
4864
619
3566
2110
2777
3322
2036
3183
2192
3066
1789
4907
4633
2847
3284
1038
689
3923
1139
1121
2765
1085
3472
4340
2217
3921
3324
104
763
4381
1669
4076
475
4887
32
2113
2806
618
1778
1195
1777
1352
1172
4260
1959
2808
540
1783
3454
4683
2069
3482
3546
1829
787
1393
3260
575
1592
639
4799
1095
2703
1051
3191
4130
4135
779
520
3190
3636
382
1662
851
4811
352
74
4566
3486
2332
4776
3507
3076
2033
591
4677
3374
3355
117
3853
1272
1219
2642
14
1196
4968
99
4931
1353
3097
1968
4574
3222
2276
1684
2973
1126
2324
4157
2862
4323
916
609
2716
3167
2508
2174
1432
1926
190
1912
4763
4518
138
555
1327
335
4504
3181
2150
1400
354
2216
3552
3586
2950
4964
1349
1408
4074
4183
1949
2178
2902
1946
1510
3607
214
515
1350
4620
3058
4749
4478
1081
800
948
3004
392
2677
3872
3137
1763
2700
4240
142
412
1654
1639
2539
4037
3952
1656
4691
2900
3200
743
2993
864
4699
2901
3746
2400
1936
2049
4178
4562
3235
113
3327
458
300
1703
2075
4770
4938
407
369
547
4353
3490
4466
879
982
1123
2611
1264
2198
2544
1373
839
4855
4138
3768
1518
3880
655
4021
572
1895
96
3264
2510
4531
3767
3622
3094
3074
534
4041
1965
13
3518
1482
2632
1335
1794
2369
1426
396
3344
1148
1323
3710
3257
1282
3965
3237
1715
3143
2031
3414
1412
4437
3928
2316
4303
3557
2202
1750
2247
2669
3056
3903
738
1935
4358
4447
847
3745
3082
2152
2157
1066
806
3465
4049
3857
185
384
2504
614
250
1058
1016
3012
3730
3672
4674
3430
1328
4170
762
2345
782
73
2434
2431
1657
2016
1454
3608
3951
2039
3385
4629
4482
4746
3273
3442
1953
1457
2460
3188
177
49
209
2899
4901
3949
4279
1571
1294
1365
560
862
1027
2995
4551
706
3363
2127
3808
1296
739
4780
3784
2767
3461
1987
3341
1664
4794
1868
1341
1364
1922
1361
4131
4765
2428
2860
180
1770
4100
1622
3244
281
804
1227
569
647
1746
954
4537
1526
2142
675
3073
2396
4570
1288
4590
4915
3474
4920
669
1559
835
2514
2352
2676
4247
580
3613
524
242
2633
4175
163
2663
1381
4491
4345
2215
4192
4430
2177
3019
4505
4536
2565
805
130
1767
4630
4133
4363
1366
2807
2077
2258
3481
1371
4438
122
3948
672
3800
3789
3913
3470
3977
2347
3240
3485
2373
1102
2571
2236
3187
4068
1073
3277
4709
1878
4910
897
2725
808
2488
2884
1413
1960
4509
3382
4747
685
2813
935
2962
3354
295
3158
3787
1661
1610
2399
1332
1115
390
2148
4719
1600
3001
3037
2891
2645
3758
2025
728
2390
3999
3198
3705
3680
4929
3989
704
1312
4393
4226
178
2451
686
2994
4208
3449
1677
3687
1665
3055
4468
1152
4986
1786
1970
1658
4417
1179
3766
135
2775
2092
2841
1415
3699
2469
2197
1728
1505
1790
4366
3378
3897
4051
4784
1398
1522
448
627
128
678
3862
2549
1836
3785
2061
2170
518
866
4540
4159
2467
4672
2575
2239
1650
2498
3561
702
753
2911
539
184
1568
2339
4554
4949
3794
3154
4343
1996
1109
2520
4549
1514
2879
4460
2107
3663
2452
3813
4275
18
1635
1814
4681
3249
78
854
296
414
6
2530
436
3123
1176
4579
1583
3859
3755
4519
623
4244
4851
3015
254
3161
3078
3554
3709
1580
4400
2966
2926
2526
4330
4821
936
3734
1461
2341
4722
2106
2238
777
3513
1688
3833
945
4442
2945
2670
3359
303
124
3925
1307
3175
3182
3822
3799
3725
3718
894
1207
4743
4515
3967
1015
4726
733
4017
3910
4635
154
3367
2957
2637
75
266
628
2279
244
751
2650
4548
3110
963
3606
2387
3085
1557
3870
4300
1082
4
3016
4905
3879
3623
2242
4750
3463
4578
1228
3203
3150
470
654
2659
2597
3697
3483
1800
1382
4602
327
4874
3782
98
2930
4572
4582
4992
2410
1397
4866
3487
3159
3176
4767
4684
1544
4957
3688
4631
662
1999
493
2861
747
179
4324
2772
4040
4973
1619
4718
4481
4246
2695
3754
1876
3054
2748
11
2060
1470
724
596
617
3581
643
1754
3655
1854
36
3498
1651
1190
3846
1238
2846
4917
997
4210
4702
148
641
2828
147
4654
1612
1852
426
2819
4277
4146
561
1994
2760
2144
3821
3749
3046
4893
530
3044
4616
2620
4207
3067
2792
1064
2638
512
1848
4665
3591
1309
4214
727
2933
2418
2206
4671
2153
1849
307
906
397
494
4655
2759
312
3068
1112
857
1140
4988
4235
2631
638
4779
3504
445
970
3669
2618
3649
503
2724
4520
1809
4357
2072
1425
3053
4171
2225
1113
4333
2353
3375
4370
2104
2114
4008
1271
3333
2595
2010
2627
914
4056
3670
2183
3008
987
492
3226
4470
1845
3031
3831
54
2068
2468
2441
4261
2018
3565
199
1068
4016
2408
3548
205
1524
4796
1743
4612
2464
3542
4150
2745
4395
3592
3852
1519
2960
1486
4205
1717
1989
1897
4989
2139
480
4009
2689
263
4164
3326
1071
676
2696
2660
731
4071
317
2825
3419
684
88
2101
3437
553
2626
4019
4637
2331
160
2312
2432
4676
1981
3960
276
1216
52
3516
1384
4626
3267
853
960
3963
1035
2417
1752
2395
4597
463
2412
4469
1161
2739
1864
378
1150
330
1955
1043
4128
3441
1737
3615
884
1881
4873
171
2789
4462
755
768
4408
3217
4080
953
526
621
3979
1131
2528
1241
1646
4147
4953
1072
2795
3253
3830
3064
2386
2051
2128
1497
1069
3496
3632
1614
4162
4697
3597
2011
4646
4111
986
4882
2426
3871
2570
814
1220
4981
2274
566
3679
2621
3698
2179
385
4475
4245
2194
4268
3381
1682
3116
927
944
3028
3456
1022
4848
353
3708
4281
791
4335
790
484
2893
2731
2393
2342
3209
3084
4369
1672
1088
4092
419
3959
1240
4434
3255
449
210
4126
4806
2706
1019
1808
3423
3676
271
2688
900
1506
3216
222
3261
2461
2890
2006
3136
4921
249
2394
1186
2529
4374
81
403
3384
3820
1334
3443
4308
3121
4451
2266
1701
2283
4444
1884
86
694
338
3296
2769
1924
1804
509
766
2999
31
176
1889
272
624
325
2001
2375
3262
2205
1010
2835
989
248
3682
2969
838
259
1862
225
4903
3141
789
3279
342
611
1392
4853
2682
4086
3935
3848
983
3752
2576
1609
4168
1034
3827
2914
3932
2898
467
2715
189
2982
4405
2456
4022
1943
2493
4069
239
1725
3357
2228
1455
1744
502
2321
3626
1418
4249
3562
2264
1624
549
3214
1993
1564
3984
3716
1093
3197
3876
3383
4348
3401
2714
251
1698
1986
273
1159
4332
4756
2692
3400
2181
3478
1504
1310
4534
3399
931
1533
785
46
33
757
80
2268
2474
2133
3134
2521
2697
4493
912
4849
1818
3480
3211
2487
2063
869
3648
4985
3393
1164
567
288
2100
3661
291
4372
1995
94
2485
27
3090
650
4398
3030
2480
3894
783
4834
4698
4346
2953
1679
2796
1160
1501
772
1192
3946
2191
2906
4202
634
383
734
1012
2763
994
698
211
1404
4734
4525
4336
245
587
3077
1243
2388
394
1590
3760
4200
4835
1144
1780
4688
1785
1475
4122
1860
1025
941
233
648
2227
2704
4724
4193
1155
1915
1574
1823
4158
2583
823
2160
938
158
68
3550
12
2022
1347
1648
3727
2354
1604
4172
4603
1693
1517
1175
3986
1261
2169
631
4777
1029
1647
1827
3087
2880
2997
4322
505
888
3114
1138
4948
4427
761
2330
3747
3221
2619
2723
4285
2553
4476
4011
2848
4888
188
3721
1761
3769
3429
3764
126
4563
2246
2308
2687
1097
919
4679
167
3312
1387
4141
1437
2455
241
4306
4039
1879
4716
3259
3014
1235
3911
3023
1976
2094
2684
3573
3048
2368
1101
2970
1871
4338
1680
2566
4744
3988
3724
595
2290
585
3025
3126
4188
4613
1920
4804
4822
2710
1430
341
1249
3912
3997
1961
2419
1316
832
3616
1916
1796
364
1509
759
4160
2533
53
3995
2984
1499
3268
4216
741
3777
3369
2599
1542
3293
773
1689
1438
764
2136
2535
2922
485
852
2649
715
64
3667
850
2562
2607
2782
3501
1171
3178
252
3339
100
4472
1846
4682
318
2501
4065
1937
4424
2463
1556
4861
1670
3109
2427
2941
3201
988
1431
183
2849
3281
3759
1507
1573
2881
95
1489
332
2059
2415
2592
629
4645
3002
2304
3171
4414
